6402
6426
6407
6414
6399
6407
6399
6407
6422
6472
6428
6460
6414
6457
6420
6444
6407
6438
6411
6428
6434
6489
6435
6487
6431
6483
6432
6481
6428
6479
6430
6475
6435
6489
6435
6489
6435
6489
6435
6489
6436
6491
6436
6491
6406
6410
6400
6428
6419
6442
6413
6454
6431
6466
6425
6478
6398
6417
6402
6406
6403
6403
6418
6473
6429
6451
6412
6453
6419
6439
6406
6434
6410
6425
6434
6489
6435
6487
6431
6483
6432
6481
6428
6479
6430
6475
6435
6489
6435
6489
6435
6489
6435
6489
6436
6491
6436
6491
6406
6410
6400
6428
6419
6442
6413
6454
6431
6466
6425
6478
6396
6421
6402
6407
6420
6467
6426
6454
6412
6451
6418
6438
6406
6434
6410
6424
6434
6489
6435
6487
6431
6483
6432
6481
6428
6479
6430
6475
6435
6489
6435
6489
6435
6489
6435
6489
6436
6491
6436
6491
6406
6410
6400
6428
6419
6442
6413
6454
6431
6466
6425
6478
6395
6416
6400
6405
6417
6471
6428
6448
6411
6451
6418
6436
6406
6432
6409
6424
6434
6489
6435
6487
6431
6483
6432
6481
6428
6479
6430
6475
6435
6489
6435
6489
6435
6489
6435
6489
6436
6491
6436
6491
6406
6410
6400
6428
6419
6442
6413
6454
6431
6466
6425
6478
6389
6389
6389
6389
6417
6462
6424
6449
6403
6428
6407
6418
6434
6483
6433
6486
6426
6470
6426
6470
6418
6458
6420
6453
6435
6489
6435
6489
6435
6489
6435
6489
6436
6491
6436
6491
6406
6410
6400
6428
6419
6442
6413
6454
6431
6466
6425
6478
6389
6389
6389
6389
6410
6439
6416
6430
6423
6414
6426
6484
6434
6469
6418
6466
6425
6453
6411
6452
6418
6437
6435
6489
6435
6489
6435
6489
6435
6489
6436
6459
6404
6460
6375
6379
6369
6397
6388
6411
6382
6423
6399
6435
6394
6446
6358
6361
6359
6358
6377
6426
6388
6404
6401
6447
6400
6449
6393
6433
6393
6433
6382
6423
6388
6410
6404
6458
6404
6458
6404
6458
6404
6458
6405
104
49
105
20
24
14
42
33
56
27
68
44
80
39
91
23
12
60
8
45
8
28
8
79
8
73
8
66
8
80
8
80
8
80
8
20
8
44
8
68
8
58
8
43
8
26
8
79
8
73
8
66
8
80
8
80
8
80
8
20
8
44
8
68
8
58
8
43
8
26
8
79
8
73
8
66
8
80
8
80
8
80
8
20
8
44
8
68
8
57
8
42
8
25
8
79
8
73
8
66
8
80
8
80
8
80
8
20
8
44
8
68
8
55
22
77
8
63
8
48
8
80
8
80
8
80
8
20
8
44
8
68
8
71
8
55
8
39
8
80
8
80
8
79
8
20
8
44
8
67
8
75
8
61
8
42
8
80
8
80
8
79
8
20
8
44
8
67
8
8
8
8
8
8
8
8
8
8
8
8
8
8
8
8
8
8
8
8
8
8
8
8
8
8
8
8
8
8
8
8
8
8
8
8
8
8
8
8
8
8
8
8
8
8
8
8
8
8
8
8
8
8
8
8
8
8
8
8
8
8
8
8
8
8
8
8
8
8
8
8
8
8
8
8
8
8
8
8
8
8
8
8
8
8
8
8
8
8
8
8
7
8
7
8
7
8
7
8
7
8
7
8
7
8
7
8
8
8
8
8
8
8
8
8
8
8
8
8
8
8
8
8
8
8
8
8
8
8
8
8
8
8
8
8
8
8
8
8
8
8
8
8
8
8
8
8
8
8
8
8
8
8
8
8
8
8
8
8
8
8
8
8
8
8
8
8
8
8
8
8
8
8
8
8
8
8
8
8
8
8
8
8
8
8
8
8
8
8
8
8
8
8
8
8
8
8
8
8
8
8
8
8
8
8
8
8
8
8
8
8
8
8
8
8
8
8
8
8
8
8
8
8
8
8
8
8
8
8
8
8
8
8
8
8
8
8
8
8
8
8
8
8
8
8
8
8
8
8
8
8
8
8
8
8
8
8
8
8
8
8
8
8
8
8
8
8
8
8
8
8
8
8
8
8
8
8
8
8
8
8
8
8
8
8
8
8
8
8
8
8
8
8
8
8
8
8
8
8
8
8
8
8
8
8
8
8
8
8
8
8
8
8
8
8
8
8
8
8
8
8
8
8
8
8
8
8
8
8
8
8
8
8
8
8
8
8
8
8
8
8
8
8
8
8
8
8
8
8
8
8
8
8
8
8
8
8
8
8
8
8
8
8
8
8
8
8
8
8
8
8
8
8
8
8
8
8
8
8
8
8
8
8
8
8
8
8
8
8
8
8
8
8
8
8
8
8
8
8
8
8
8
8
8
8
8
8
8
8
8
8
8
8
8
8
8
8
8
8
8
8
8
8
8
8
8
8
8
8
8
8
8
8
8
8
8
8
7
8
7
8
7
8
7
8
7
8
7
8
7
8
7
8
8
8
8
8
8
8
8
8
8
8
8
8
8
8
8
8
8
8
8
8
8
8
8
8
8
8
8
8
8
8
8
8
8
8
8
8
8
8
8
8
8
8
8
8
8
8
8
8
8
8
8
8
8
8
8
8
8
8
8
8
8
8
8
8
8
8
8
8
8
8
8
8
8
8
8
8
8
8
8
8
8
8
8
8
8
8
8
8
8
8
8
8
8
8
8
8
8
8
8
8
8
8
8
8
8
8
8
8
8
8
8
8
8
8
8
8
8
8
8
8
8
8
8
8
8
8
8
8
8
8
8
8
8
8
8
8
8
8
8
8
8
8
8
8
8
8
8
8
8
8
7
8
7
8
7
8
7
8
7
8
7
8
8
8
8
8
8
8
8
8
8
8
8
8
8
8
8
8
8
8
8
8
8
8
8
8
8
8
8
8
8
8
8
8
8
8
8
8
8
8
8
8
8
8
8
8
8
8
8
8
8
8
8
8
8
8
8
8
8
8
8
8
8
8
8
8
8
8
8
8
8
8
8
8
8
8
8
8
8
8
8
8
8
8
8
8
8
8
8
8
8
8
8
8
8
8
8
8
8
8
8
8
8
8
8
8
8
8
8
8
8
8
8
8
8
8
8
8
8
8
8
8
8
8
8
8
8
8
8
8
8
8
8
8
8
8
8
8
8
8
8
8
8
8
8
8
8
8
8
8
8
8
8
8
8
8
8
8
8
8
8
8
8
8
8
8
8
8
8
8
8
8
8
8
8
8
8
8
8
8
8
8
8
8
8
8
8
8
8
8
8
8
8
8
8
8
8
8
8
8
8
8
8
8
8
8
8
8
8
8
8
8
8
8
8
8
8
8
8
8
8
8
8
8
8
8
8
8
8
8
8
8
8
8
8
8
8
8
8
8
8
8
7
8
7
8
7
8
7
8
7
8
7
8
7
8
7
8
8
8
8
8
8
8
8
8
8
8
8
8
8
8
8
8
8
8
8
8
8
8
8
8
8
8
8
8
8
8
8
8
8
8
8
8
8
8
8
8
8
8
8
8
8
8
8
8
8
8
8
8
8
8
8
8
8
8
8
8
8
8
8
8
8
8
8
8
8
8
8
8
8
8
8
8
8
8
8
8
8
8
8
8
8
8
8
8
8
8
8
8
8
8
8
8
8
8
8
8
8
8
8
8
8
8
8
8
8
8
8
8
8
8
8
8
8
8
8
8
8
8
8
8
8
8
8
8
8
8
8
8
8
8
8
8
8
8
8
8
8
8
8
8
8
8
8
8
8
8
8
8
8
8
8
8
8
8
8
8
8
8
8
8
8
8
8
8
8
8
8
8
8
8
8
8
8
8
8
8
8
8
8
8
8
8
8
8
8
8
8
8
8
8
8
8
8
8
8
8
8
8
8
8
8
8
8
8
8
8
8
8
8
8
8
8
8
8
8
8
8
8
8
8
8
8
8
8
8
8
8
8
8
8
8
8
8
8
8
8
8
8
8
8
8
8
8
8
8
8
8
8
8
8
8
8
8
8
8
8
8
8
8
8
8
8
8
8
8
8
8
8
8
8
8
8
8
8
8
8
8
8
8
8
8
8
8
8
8
8
8
8
8
8
8
8
8
8
8
8
7
8
7
8
7
8
7
8
7
8
7
8
7
8
7
8
8
8
8
8
8
8
8
8
8
8
8
8
8
8
8
8
8
8
8
8
8
8
8
8
8
8
8
8
8
8
8
8
8
8
8
8
8
8
8
8
8
8
8
8
8
8
8
8
8
8
8
8
8
8
8
8
8
8
8
8
8
8
8
8
8
8
8
8
8
8
8
8
8
8
8
8
8
8
8
8
8
8
8
8
8
8
8
8
8
8
8
8
8
8
8
8
8
8
8
8
8
8
8
8
8
8
8
8
8
8
8
8
8
8
8
8
8
8
8
8
8
8
8
8
8
8
8
8
8
8
8
8
8
8
8
8
8
8
8
8
8
8
8
8
8
8
8
8
8
8
8
8
8
8
8
8
8
8
8
8
8
8
8
8
8
8
8
8
8
8
8
8
8
8
8
8
8
8
8
8
8
8
8
8
8
8
8
8
8
8
8
8
8
8
8
8
8
8
8
8
8
8
8
8
8
8
8
8
8
8
7
8
7
8
7
8
7
8
7
8
7
8
7
8
7
8
8
8
8
8
8
8
8
8
8
8
8
8
8
8
8
8
8
8
8
8
8
8
8
8
8
8
8
8
8
8
8
8
8
8
8
8
8
8
8
8
8
8
8
8
8
8
8
8
8
8
8
8
8
8
8
8
8
8
8
8
8
8
8
8
8
8
8
8
8
8
8
8
8
8
8
8
8
8
8
8
8
8
8
8
8
8
8
8
8
8
8
8
8
8
8
8
8
8
8
8
8
8
8
8
8
8
8
8
8
8
8
8
8
8
8
8
8
8
8
8
7
8
7
8
7
8
7
8
7
8
7
8
7
8
7
8
8
8
8
8
8
8
8
8
8
8
8
8
8
8
8
8
8
8
8
8
8
8
8
8
8
8
8
8
8
8
8
8
8
8
8
8
8
8
8
8
8
8
8
8
8
8
8
8
8
8
8
8
8
8
8
8
8
8
8
8
8
8
8
8
8
8
8
8
8
8
8
8
8
8
8
8
8
8
8
8
8
8
8
8
8
8
8
8
8
8
8
8
8
8
8
8
8
8
8
8
8
8
8
8
8
8
8
8
8
8
8
8
8
8
8
8
8
8
8
