25
42
25
42
25
42
27
39
38
62
69
62
63
77
63
77
63
62
38
62
63
77
69
62
63
77
63
62
38
62
63
77
63
77
69
62
63
62
19
42
14
42
11
43
6
43
11
43
13
42
14
39
41
40
60
36
40
40
60
36
41
40
60
36
54
140
64
139
38
141
48
140
38
141
63
139
61
128
68
174
95
85
86
123
85
119
86
121
85
119
86
121
85
92
108
185
111
127
91
124
113
131
91
124
113
131
112
102
30
176
83
116
84
118
84
120
83
116
84
118
105
71
82
187
91
124
113
131
111
127
91
124
113
131
112
102
68
175
85
119
86
121
85
119
86
121
95
85
86
123
85
92
108
185
91
124
113
131
91
124
113
131
111
127
112
102
27
134
15
139
14
135
15
139
11
132
14
135
34
138
23
140
26
131
47
53
87
68
85
71
84
68
85
71
48
53
87
68
85
71
84
305
113
261
98
148
94
262
98
146
92
262
98
146
94
262
98
146
49
267
94
138
91
262
98
146
115
261
98
146
111
246
124
83
195
327
71
266
133
155
138
165
138
165
138
165
108
152
138
165
138
165
137
125
160
334
106
150
138
166
136
163
138
166
106
150
136
163
138
166
137
126
148
326
106
150
136
163
136
163
136
163
106
150
136
163
136
163
136
123
160
334
106
150
136
163
138
166
138
166
106
150
136
163
138
166
137
126
43
307
96
141
100
149
100
149
100
149
100
149
109
98
100
151
100
149
99
109
201
328
108
152
138
164
138
164
138
164
138
164
133
155
138
164
137
125
201
332
106
150
136
162
138
165
136
162
138
165
106
150
138
165
137
126
38
267
20
270
20
268
20
270
11
249
14
252
20
268
48
269
32
270
40
251
99
79
101
93
101
93
101
93
101
93
50
60
102
79
101
93
101
93
257
438
160
364
144
177
135
365
142
177
135
365
142
177
135
365
144
176
55
374
108
161
126
365
142
177
135
365
144
177
159
364
142
177
153
348
144
132
278
452
152
364
146
180
146
179
144
180
144
180
108
161
142
177
146
180
144
180
145
135
231
452
144
178
146
181
144
181
144
181
108
161
144
177
146
181
144
181
145
135
231
452
144
178
146
181
144
181
144
181
108
161
142
178
146
181
144
181
145
134
231
452
144
178
146
181
144
181
144
181
108
161
142
178
146
181
144
181
145
134
42
415
100
157
100
157
98
157
98
157
98
157
98
159
100
157
98
157
128
85
228
443
146
180
146
180
144
180
144
180
144
180
139
165
146
180
144
180
145
134
278
453
144
177
146
180
144
180
144
180
144
180
108
161
144
180
146
179
145
135
275
450
144
177
146
180
144
180
146
179
144
180
108
161
142
177
146
180
145
135
53
382
22
383
22
383
22
383
14
353
22
375
22
383
55
382
37
381
53
374
105
100
105
100
105
101
105
101
105
101
103
81
105
101
105
100
105
101
281
473
164
399
93
130
132
399
87
131
132
399
87
131
132
399
108
114
120
399
85
128
132
399
87
131
139
400
93
130
156
398
87
131
160
382
93
102
281
473
164
399
93
130
108
114
87
131
87
131
85
128
87
131
93
130
87
131
93
102
237
476
93
131
93
133
87
132
87
132
85
129
108
115
93
131
87
132
93
102
236
475
93
131
93
131
87
132
87
132
85
129
87
132
93
131
87
134
108
85
236
475
93
133
93
131
87
132
87
132
85
129
87
132
93
131
87
132
108
85
212
459
91
128
91
128
85
129
85
129
85
129
85
131
91
128
85
129
107
82
240
478
93
131
93
131
87
134
87
132
87
132
108
115
93
131
87
132
93
102
281
474
93
130
93
130
87
131
87
131
87
131
85
128
87
131
108
114
93
102
282
474
93
130
93
130
87
131
108
114
87
131
85
128
87
131
93
132
93
102
54
419
21
413
21
413
21
413
21
401
21
413
21
420
55
412
39
414
54
419
58
67
58
67
49
74
49
74
49
74
49
74
49
74
58
67
49
74
64
155
42
120
42
120
31
121
31
120
31
120
40
120
56
94
64
156
45
163
36
161
36
162
36
162
45
164
65
156
64
163
35
158
34
158
23
144
35
158
14
15
15
15
15
15
15
13
15
15
45
33
33
40
40
45
21
24
24
22
22
24
24
20
20
22
22
29
29
24
24
24
24
24
24
28
60
51
51
51
51
51
51
40
40
71
34
33
33
33
33
33
33
23
23
25
25
33
33
44
37
30
30
30
30
30
30
30
30
30
30
36
81
58
58
58
58
58
58
43
43
60
60
81
51
38
38
38
38
38
38
26
26
38
38
38
38
53
41
33
33
33
33
33
33
33
33
33
33
33
33
40
85
60
60
60
60
60
60
60
60
60
60
85
55
40
40
40
40
40
40
40
40
40
40
40
40
56
41
33
33
33
33
33
33
33
33
33
33
33
33
40
28
27
27
26
26
26
26
26
26
27
27
29
29
28
18
19
19
19
19
19
19
18
