184
197
162
161
130
142
156
161
188
201
175
159
184
146
141
150
171
184
198
177
194
175
180
190
187
147
158
164
195
157
172
100
156
173
178
164
204
171
174
168
161
114
175
172
166
115
193
194
149
181
179
162
172
140
177
151
187
145
111
179
144
116
144
175
130
181
189
186
181
159
134
195
171
198
179
186
162
158
169
193
190
152
156
171
143
156
165
155
183
147
203
173
134
149
185
180
195
178
187
169
181
106
177
191
141
191
201
174
191
184
187
189
167
134
158
167
179
144
185
159
174
185
185
150
169
184
202
185
138
174
169
176
181
151
167
102
81
169
110
187
182
161
179
195
151
194
131
183
146
193
192
167
171
134
172
185
136
182
180
195
175
185
131
174
191
150
172
135
213
195
156
183
174
184
172
178
168
164
200
197
182
173
180
172
203
164
142
191
188
159
196
178
152
149
170
168
182
139
172
129
173
195
171
187
199
172
160
171
130
136
165
115
169
157
191
178
160
192
152
136
149
204
168
159
136
