2, 3, 175, 0,
2, 3, 217, 0,
2, 3, 220, 0,
2, 3, 238, 0,
1, 3, 176, 0,
1, 3, 218, 0,
1, 3, 221, 0,
1, 3, 239, 0,
1, 2, 177, 0,
1, 2, 219, 0,
1, 2, 222, 0,
1, 2, 240, 0,
5, 6, 139, 0,
5, 6, 226, 0,
5, 6, 232, 0,
5, 6, 235, 0,
4, 6, 140, 0,
4, 6, 227, 0,
4, 6, 233, 0,
4, 6, 236, 0,
4, 5, 141, 0,
4, 5, 228, 0,
4, 5, 234, 0,
4, 5, 237, 0,
8, 9, 142, 0,
8, 9, 157, 0,
8, 9, 160, 0,
8, 9, 175, 0,
8, 9, 247, 0,
8, 9, 286, 0,
7, 9, 143, 0,
7, 9, 158, 0,
7, 9, 161, 0,
7, 9, 176, 0,
7, 9, 248, 0,
7, 9, 287, 0,
7, 8, 144, 0,
7, 8, 159, 0,
7, 8, 162, 0,
7, 8, 177, 0,
7, 8, 249, 0,
7, 8, 288, 0,
11, 12, 163, 0,
11, 12, 244, 0,
11, 12, 259, 0,
11, 12, 265, 0,
11, 12, 274, 0,
10, 12, 164, 0,
10, 12, 245, 0,
10, 12, 260, 0,
10, 12, 266, 0,
10, 12, 275, 0,
10, 11, 165, 0,
10, 11, 246, 0,
10, 11, 261, 0,
10, 11, 267, 0,
10, 11, 276, 0,
14, 15, 112, 0,
14, 15, 145, 0,
14, 15, 163, 0,
14, 15, 289, 0,
13, 15, 113, 0,
13, 15, 146, 0,
13, 15, 164, 0,
13, 15, 290, 0,
13, 14, 114, 0,
13, 14, 147, 0,
13, 14, 165, 0,
13, 14, 291, 0,
17, 18, 187, 0,
17, 18, 205, 0,
17, 18, 277, 0,
17, 18, 289, 0,
16, 18, 188, 0,
16, 18, 206, 0,
16, 18, 278, 0,
16, 18, 290, 0,
16, 17, 189, 0,
16, 17, 207, 0,
16, 17, 279, 0,
16, 17, 291, 0,
20, 21, 115, 0,
20, 21, 142, 0,
20, 21, 238, 0,
20, 21, 250, 0,
19, 21, 116, 0,
19, 21, 143, 0,
19, 21, 239, 0,
19, 21, 251, 0,
19, 20, 117, 0,
19, 20, 144, 0,
19, 20, 240, 0,
19, 20, 252, 0,
23, 24, 130, 0,
23, 24, 154, 0,
23, 24, 166, 0,
23, 24, 175, 0,
23, 24, 232, 0,
23, 24, 268, 0,
23, 24, 277, 0,
23, 24, 286, 0,
22, 24, 131, 0,
22, 24, 155, 0,
22, 24, 167, 0,
22, 24, 176, 0,
22, 24, 233, 0,
22, 24, 269, 0,
22, 24, 278, 0,
22, 24, 287, 0,
22, 23, 132, 0,
22, 23, 156, 0,
22, 23, 168, 0,
22, 23, 177, 0,
22, 23, 234, 0,
22, 23, 270, 0,
22, 23, 279, 0,
22, 23, 288, 0,
26, 27, 127, 0,
26, 27, 187, 0,
26, 27, 208, 0,
26, 27, 256, 0,
26, 27, 283, 0,
26, 27, 289, 0,
25, 27, 128, 0,
25, 27, 188, 0,
25, 27, 209, 0,
25, 27, 257, 0,
25, 27, 284, 0,
25, 27, 290, 0,
25, 26, 129, 0,
25, 26, 189, 0,
25, 26, 210, 0,
25, 26, 258, 0,
25, 26, 285, 0,
25, 26, 291, 0,
29, 30, 109, 0,
29, 30, 145, 0,
29, 30, 154, 0,
29, 30, 169, 0,
29, 30, 217, 0,
29, 30, 229, 0,
29, 30, 280, 0,
29, 30, 289, 0,
28, 30, 110, 0,
28, 30, 146, 0,
28, 30, 155, 0,
28, 30, 170, 0,
28, 30, 218, 0,
28, 30, 230, 0,
28, 30, 281, 0,
28, 30, 290, 0,
28, 29, 111, 0,
28, 29, 147, 0,
28, 29, 156, 0,
28, 29, 171, 0,
28, 29, 219, 0,
28, 29, 231, 0,
28, 29, 282, 0,
28, 29, 291, 0,
32, 33, 112, 0,
32, 33, 148, 0,
32, 33, 184, 0,
32, 33, 196, 0,
32, 33, 235, 0,
32, 33, 280, 0,
31, 33, 113, 0,
31, 33, 149, 0,
31, 33, 185, 0,
31, 33, 197, 0,
31, 33, 236, 0,
31, 33, 281, 0,
31, 32, 114, 0,
31, 32, 150, 0,
31, 32, 186, 0,
31, 32, 198, 0,
31, 32, 237, 0,
31, 32, 282, 0,
35, 36, 154, 0,
35, 36, 238, 0,
35, 36, 292, 0,
34, 36, 155, 0,
34, 36, 239, 0,
34, 36, 293, 0,
34, 35, 156, 0,
34, 35, 240, 0,
34, 35, 294, 0,
38, 39, 112, 0,
38, 39, 130, 0,
38, 39, 145, 0,
38, 39, 190, 0,
38, 39, 202, 0,
38, 39, 217, 0,
37, 39, 113, 0,
37, 39, 131, 0,
37, 39, 146, 0,
37, 39, 191, 0,
37, 39, 203, 0,
37, 39, 218, 0,
37, 38, 114, 0,
37, 38, 132, 0,
37, 38, 147, 0,
37, 38, 192, 0,
37, 38, 204, 0,
37, 38, 219, 0,
41, 42, 109, 0,
41, 42, 151, 0,
41, 42, 169, 0,
41, 42, 196, 0,
41, 42, 256, 0,
40, 42, 110, 0,
40, 42, 152, 0,
40, 42, 170, 0,
40, 42, 197, 0,
40, 42, 257, 0,
40, 41, 111, 0,
40, 41, 153, 0,
40, 41, 171, 0,
40, 41, 198, 0,
40, 41, 258, 0,
44, 45, 142, 0,
44, 45, 193, 0,
44, 45, 244, 0,
44, 45, 286, 0,
43, 45, 143, 0,
43, 45, 194, 0,
43, 45, 245, 0,
43, 45, 287, 0,
43, 44, 144, 0,
43, 44, 195, 0,
43, 44, 246, 0,
43, 44, 288, 0,
47, 48, 148, 0,
47, 48, 151, 0,
47, 48, 175, 0,
47, 48, 178, 0,
47, 48, 268, 0,
46, 48, 149, 0,
46, 48, 152, 0,
46, 48, 176, 0,
46, 48, 179, 0,
46, 48, 269, 0,
46, 47, 150, 0,
46, 47, 153, 0,
46, 47, 177, 0,
46, 47, 180, 0,
46, 47, 270, 0,
50, 51, 259, 0,
49, 51, 260, 0,
49, 50, 261, 0,
53, 54, 109, 0,
53, 54, 166, 0,
53, 54, 244, 0,
53, 54, 268, 0,
53, 54, 271, 0,
53, 54, 283, 0,
52, 54, 110, 0,
52, 54, 167, 0,
52, 54, 245, 0,
52, 54, 269, 0,
52, 54, 272, 0,
52, 54, 284, 0,
52, 53, 111, 0,
52, 53, 168, 0,
52, 53, 246, 0,
52, 53, 270, 0,
52, 53, 273, 0,
52, 53, 285, 0,
56, 57, 127, 0,
56, 57, 202, 0,
56, 57, 205, 0,
55, 57, 128, 0,
55, 57, 203, 0,
55, 57, 206, 0,
55, 56, 129, 0,
55, 56, 204, 0,
55, 56, 207, 0,
59, 60, 106, 0,
59, 60, 139, 0,
59, 60, 148, 0,
59, 60, 196, 0,
59, 60, 214, 0,
58, 60, 107, 0,
58, 60, 140, 0,
58, 60, 149, 0,
58, 60, 197, 0,
58, 60, 215, 0,
58, 59, 108, 0,
58, 59, 141, 0,
58, 59, 150, 0,
58, 59, 198, 0,
58, 59, 216, 0,
62, 63, 136, 0,
62, 63, 238, 0,
62, 63, 271, 0,
62, 63, 292, 0,
61, 63, 137, 0,
61, 63, 239, 0,
61, 63, 272, 0,
61, 63, 293, 0,
61, 62, 138, 0,
61, 62, 240, 0,
61, 62, 273, 0,
61, 62, 294, 0,
65, 66, 148, 0,
65, 66, 166, 0,
65, 66, 190, 0,
65, 66, 202, 0,
65, 66, 214, 0,
64, 66, 149, 0,
64, 66, 167, 0,
64, 66, 191, 0,
64, 66, 203, 0,
64, 66, 215, 0,
64, 65, 150, 0,
64, 65, 168, 0,
64, 65, 192, 0,
64, 65, 204, 0,
64, 65, 216, 0,
68, 69, 151, 0,
68, 69, 163, 0,
68, 69, 205, 0,
68, 69, 259, 0,
68, 69, 265, 0,
67, 69, 152, 0,
67, 69, 164, 0,
67, 69, 206, 0,
67, 69, 260, 0,
67, 69, 266, 0,
67, 68, 153, 0,
67, 68, 165, 0,
67, 68, 207, 0,
67, 68, 261, 0,
67, 68, 267, 0,
71, 72, 112, 0,
71, 72, 166, 0,
71, 72, 193, 0,
71, 72, 205, 0,
71, 72, 268, 0,
71, 72, 277, 0,
71, 72, 292, 0,
70, 72, 113, 0,
70, 72, 167, 0,
70, 72, 194, 0,
70, 72, 206, 0,
70, 72, 269, 0,
70, 72, 278, 0,
70, 72, 293, 0,
70, 71, 114, 0,
70, 71, 168, 0,
70, 71, 195, 0,
70, 71, 207, 0,
70, 71, 270, 0,
70, 71, 279, 0,
70, 71, 294, 0,
74, 75, 190, 0,
74, 75, 226, 0,
74, 75, 265, 0,
73, 75, 191, 0,
73, 75, 227, 0,
73, 75, 266, 0,
73, 74, 192, 0,
73, 74, 228, 0,
73, 74, 267, 0,
77, 78, 106, 0,
77, 78, 121, 0,
77, 78, 160, 0,
77, 78, 232, 0,
77, 78, 265, 0,
77, 78, 280, 0,
76, 78, 107, 0,
76, 78, 122, 0,
76, 78, 161, 0,
76, 78, 233, 0,
76, 78, 266, 0,
76, 78, 281, 0,
76, 77, 108, 0,
76, 77, 123, 0,
76, 77, 162, 0,
76, 77, 234, 0,
76, 77, 267, 0,
76, 77, 282, 0,
80, 81, 178, 0,
79, 81, 179, 0,
79, 80, 180, 0,
83, 84, 136, 0,
83, 84, 178, 0,
83, 84, 187, 0,
83, 84, 193, 0,
83, 84, 262, 0,
82, 84, 137, 0,
82, 84, 179, 0,
82, 84, 188, 0,
82, 84, 194, 0,
82, 84, 263, 0,
82, 83, 138, 0,
82, 83, 180, 0,
82, 83, 189, 0,
82, 83, 195, 0,
82, 83, 264, 0,
86, 87, 211, 0,
86, 87, 244, 0,
85, 87, 212, 0,
85, 87, 245, 0,
85, 86, 213, 0,
85, 86, 246, 0,
89, 90, 121, 0,
89, 90, 127, 0,
89, 90, 247, 0,
89, 90, 274, 0,
88, 90, 122, 0,
88, 90, 128, 0,
88, 90, 248, 0,
88, 90, 275, 0,
88, 89, 123, 0,
88, 89, 129, 0,
88, 89, 249, 0,
88, 89, 276, 0,
92, 93, 106, 0,
92, 93, 160, 0,
92, 93, 187, 0,
92, 93, 229, 0,
92, 93, 253, 0,
92, 93, 256, 0,
92, 93, 259, 0,
91, 93, 107, 0,
91, 93, 161, 0,
91, 93, 188, 0,
91, 93, 230, 0,
91, 93, 254, 0,
91, 93, 257, 0,
91, 93, 260, 0,
91, 92, 108, 0,
91, 92, 162, 0,
91, 92, 189, 0,
91, 92, 231, 0,
91, 92, 255, 0,
91, 92, 258, 0,
91, 92, 261, 0,
95, 96, 136, 0,
95, 96, 193, 0,
95, 96, 199, 0,
95, 96, 202, 0,
95, 96, 214, 0,
95, 96, 283, 0,
94, 96, 137, 0,
94, 96, 194, 0,
94, 96, 200, 0,
94, 96, 203, 0,
94, 96, 215, 0,
94, 96, 284, 0,
94, 95, 138, 0,
94, 95, 195, 0,
94, 95, 201, 0,
94, 95, 204, 0,
94, 95, 216, 0,
94, 95, 285, 0,
98, 99, 139, 0,
98, 99, 157, 0,
98, 99, 163, 0,
98, 99, 169, 0,
98, 99, 211, 0,
98, 99, 283, 0,
97, 99, 140, 0,
97, 99, 158, 0,
97, 99, 164, 0,
97, 99, 170, 0,
97, 99, 212, 0,
97, 99, 284, 0,
97, 98, 141, 0,
97, 98, 159, 0,
97, 98, 165, 0,
97, 98, 171, 0,
97, 98, 213, 0,
97, 98, 285, 0,
101, 102, 130, 0,
101, 102, 211, 0,
101, 102, 280, 0,
100, 102, 131, 0,
100, 102, 212, 0,
100, 102, 281, 0,
100, 101, 132, 0,
100, 101, 213, 0,
100, 101, 282, 0,
104, 105, 274, 0,
103, 105, 275, 0,
103, 104, 276, 0,
107, 108, 58, 0,
107, 108, 76, 0,
107, 108, 91, 0,
107, 108, 220, 0,
107, 108, 283, 0,
107, 108, 292, 0,
106, 108, 59, 0,
106, 108, 77, 0,
106, 108, 92, 0,
106, 108, 221, 0,
106, 108, 284, 0,
106, 108, 293, 0,
106, 107, 60, 0,
106, 107, 78, 0,
106, 107, 93, 0,
106, 107, 222, 0,
106, 107, 285, 0,
106, 107, 294, 0,
110, 111, 28, 0,
110, 111, 40, 0,
110, 111, 52, 0,
110, 111, 223, 0,
110, 111, 238, 0,
109, 111, 29, 0,
109, 111, 41, 0,
109, 111, 53, 0,
109, 111, 224, 0,
109, 111, 239, 0,
109, 110, 30, 0,
109, 110, 42, 0,
109, 110, 54, 0,
109, 110, 225, 0,
109, 110, 240, 0,
113, 114, 13, 0,
113, 114, 31, 0,
113, 114, 37, 0,
113, 114, 70, 0,
113, 114, 202, 0,
113, 114, 223, 0,
113, 114, 238, 0,
113, 114, 241, 0,
112, 114, 14, 0,
112, 114, 32, 0,
112, 114, 38, 0,
112, 114, 71, 0,
112, 114, 203, 0,
112, 114, 224, 0,
112, 114, 239, 0,
112, 114, 242, 0,
112, 113, 15, 0,
112, 113, 33, 0,
112, 113, 39, 0,
112, 113, 72, 0,
112, 113, 204, 0,
112, 113, 225, 0,
112, 113, 240, 0,
112, 113, 243, 0,
116, 117, 19, 0,
116, 117, 205, 0,
116, 117, 262, 0,
116, 117, 268, 0,
115, 117, 20, 0,
115, 117, 206, 0,
115, 117, 263, 0,
115, 117, 269, 0,
115, 116, 21, 0,
115, 116, 207, 0,
115, 116, 264, 0,
115, 116, 270, 0,
119, 120, 202, 0,
119, 120, 226, 0,
119, 120, 295, 0,
119, 120, 298, 0,
118, 120, 203, 0,
118, 120, 227, 0,
118, 120, 296, 0,
118, 120, 299, 0,
118, 119, 204, 0,
118, 119, 228, 0,
118, 119, 297, 0,
118, 119, 300, 0,
122, 123, 76, 0,
122, 123, 88, 0,
122, 123, 256, 0,
122, 123, 259, 0,
121, 123, 77, 0,
121, 123, 89, 0,
121, 123, 257, 0,
121, 123, 260, 0,
121, 122, 78, 0,
121, 122, 90, 0,
121, 122, 258, 0,
121, 122, 261, 0,
125, 126, 202, 0,
125, 126, 208, 0,
125, 126, 268, 0,
124, 126, 203, 0,
124, 126, 209, 0,
124, 126, 269, 0,
124, 125, 204, 0,
124, 125, 210, 0,
124, 125, 270, 0,
128, 129, 25, 0,
128, 129, 55, 0,
128, 129, 88, 0,
128, 129, 214, 0,
128, 129, 253, 0,
128, 129, 283, 0,
128, 129, 286, 0,
127, 129, 26, 0,
127, 129, 56, 0,
127, 129, 89, 0,
127, 129, 215, 0,
127, 129, 254, 0,
127, 129, 284, 0,
127, 129, 287, 0,
127, 128, 27, 0,
127, 128, 57, 0,
127, 128, 90, 0,
127, 128, 216, 0,
127, 128, 255, 0,
127, 128, 285, 0,
127, 128, 288, 0,
131, 132, 22, 0,
131, 132, 37, 0,
131, 132, 100, 0,
131, 132, 211, 0,
130, 132, 23, 0,
130, 132, 38, 0,
130, 132, 101, 0,
130, 132, 212, 0,
130, 131, 24, 0,
130, 131, 39, 0,
130, 131, 102, 0,
130, 131, 213, 0,
134, 135, 274, 0,
133, 135, 275, 0,
133, 134, 276, 0,
137, 138, 61, 0,
137, 138, 82, 0,
137, 138, 94, 0,
137, 138, 259, 0,
137, 138, 277, 0,
136, 138, 62, 0,
136, 138, 83, 0,
136, 138, 95, 0,
136, 138, 260, 0,
136, 138, 278, 0,
136, 137, 63, 0,
136, 137, 84, 0,
136, 137, 96, 0,
136, 137, 261, 0,
136, 137, 279, 0,
140, 141, 4, 0,
140, 141, 58, 0,
140, 141, 97, 0,
140, 141, 223, 0,
139, 141, 5, 0,
139, 141, 59, 0,
139, 141, 98, 0,
139, 141, 224, 0,
139, 140, 6, 0,
139, 140, 60, 0,
139, 140, 99, 0,
139, 140, 225, 0,
143, 144, 7, 0,
143, 144, 19, 0,
143, 144, 43, 0,
143, 144, 202, 0,
142, 144, 8, 0,
142, 144, 20, 0,
142, 144, 44, 0,
142, 144, 203, 0,
142, 143, 9, 0,
142, 143, 21, 0,
142, 143, 45, 0,
142, 143, 204, 0,
146, 147, 13, 0,
146, 147, 28, 0,
146, 147, 37, 0,
146, 147, 205, 0,
146, 147, 211, 0,
146, 147, 295, 0,
145, 147, 14, 0,
145, 147, 29, 0,
145, 147, 38, 0,
145, 147, 206, 0,
145, 147, 212, 0,
145, 147, 296, 0,
145, 146, 15, 0,
145, 146, 30, 0,
145, 146, 39, 0,
145, 146, 207, 0,
145, 146, 213, 0,
145, 146, 297, 0,
149, 150, 31, 0,
149, 150, 46, 0,
149, 150, 58, 0,
149, 150, 64, 0,
149, 150, 241, 0,
148, 150, 32, 0,
148, 150, 47, 0,
148, 150, 59, 0,
148, 150, 65, 0,
148, 150, 242, 0,
148, 149, 33, 0,
148, 149, 48, 0,
148, 149, 60, 0,
148, 149, 66, 0,
148, 149, 243, 0,
152, 153, 40, 0,
152, 153, 46, 0,
152, 153, 67, 0,
152, 153, 232, 0,
152, 153, 295, 0,
152, 153, 298, 0,
151, 153, 41, 0,
151, 153, 47, 0,
151, 153, 68, 0,
151, 153, 233, 0,
151, 153, 296, 0,
151, 153, 299, 0,
151, 152, 42, 0,
151, 152, 48, 0,
151, 152, 69, 0,
151, 152, 234, 0,
151, 152, 297, 0,
151, 152, 300, 0,
155, 156, 22, 0,
155, 156, 28, 0,
155, 156, 34, 0,
154, 156, 23, 0,
154, 156, 29, 0,
154, 156, 35, 0,
154, 155, 24, 0,
154, 155, 30, 0,
154, 155, 36, 0,
158, 159, 7, 0,
158, 159, 97, 0,
158, 159, 205, 0,
158, 159, 241, 0,
158, 159, 250, 0,
158, 159, 280, 0,
157, 159, 8, 0,
157, 159, 98, 0,
157, 159, 206, 0,
157, 159, 242, 0,
157, 159, 251, 0,
157, 159, 281, 0,
157, 158, 9, 0,
157, 158, 99, 0,
157, 158, 207, 0,
157, 158, 243, 0,
157, 158, 252, 0,
157, 158, 282, 0,
161, 162, 7, 0,
161, 162, 76, 0,
161, 162, 91, 0,
161, 162, 235, 0,
161, 162, 298, 0,
160, 162, 8, 0,
160, 162, 77, 0,
160, 162, 92, 0,
160, 162, 236, 0,
160, 162, 299, 0,
160, 161, 9, 0,
160, 161, 78, 0,
160, 161, 93, 0,
160, 161, 237, 0,
160, 161, 300, 0,
164, 165, 10, 0,
164, 165, 13, 0,
164, 165, 67, 0,
164, 165, 97, 0,
164, 165, 229, 0,
164, 165, 283, 0,
163, 165, 11, 0,
163, 165, 14, 0,
163, 165, 68, 0,
163, 165, 98, 0,
163, 165, 230, 0,
163, 165, 284, 0,
163, 164, 12, 0,
163, 164, 15, 0,
163, 164, 69, 0,
163, 164, 99, 0,
163, 164, 231, 0,
163, 164, 285, 0,
167, 168, 22, 0,
167, 168, 52, 0,
167, 168, 64, 0,
167, 168, 70, 0,
167, 168, 211, 0,
167, 168, 235, 0,
167, 168, 250, 0,
166, 168, 23, 0,
166, 168, 53, 0,
166, 168, 65, 0,
166, 168, 71, 0,
166, 168, 212, 0,
166, 168, 236, 0,
166, 168, 251, 0,
166, 167, 24, 0,
166, 167, 54, 0,
166, 167, 66, 0,
166, 167, 72, 0,
166, 167, 213, 0,
166, 167, 237, 0,
166, 167, 252, 0,
170, 171, 28, 0,
170, 171, 40, 0,
170, 171, 97, 0,
169, 171, 29, 0,
169, 171, 41, 0,
169, 171, 98, 0,
169, 170, 30, 0,
169, 170, 42, 0,
169, 170, 99, 0,
173, 174, 259, 0,
173, 174, 271, 0,
173, 174, 274, 0,
173, 174, 280, 0,
172, 174, 260, 0,
172, 174, 272, 0,
172, 174, 275, 0,
172, 174, 281, 0,
172, 173, 261, 0,
172, 173, 273, 0,
172, 173, 276, 0,
172, 173, 282, 0,
176, 177, 1, 0,
176, 177, 7, 0,
176, 177, 22, 0,
176, 177, 46, 0,
176, 177, 208, 0,
176, 177, 247, 0,
176, 177, 259, 0,
176, 177, 271, 0,
175, 177, 2, 0,
175, 177, 8, 0,
175, 177, 23, 0,
175, 177, 47, 0,
175, 177, 209, 0,
175, 177, 248, 0,
175, 177, 260, 0,
175, 177, 272, 0,
175, 176, 3, 0,
175, 176, 9, 0,
175, 176, 24, 0,
175, 176, 48, 0,
175, 176, 210, 0,
175, 176, 249, 0,
175, 176, 261, 0,
175, 176, 273, 0,
179, 180, 46, 0,
179, 180, 79, 0,
179, 180, 82, 0,
179, 180, 292, 0,
178, 180, 47, 0,
178, 180, 80, 0,
178, 180, 83, 0,
178, 180, 293, 0,
178, 179, 48, 0,
178, 179, 81, 0,
178, 179, 84, 0,
178, 179, 294, 0,
182, 183, 268, 0,
181, 183, 269, 0,
181, 182, 270, 0,
185, 186, 31, 0,
185, 186, 220, 0,
185, 186, 226, 0,
185, 186, 235, 0,
185, 186, 256, 0,
184, 186, 32, 0,
184, 186, 221, 0,
184, 186, 227, 0,
184, 186, 236, 0,
184, 186, 257, 0,
184, 185, 33, 0,
184, 185, 222, 0,
184, 185, 228, 0,
184, 185, 237, 0,
184, 185, 258, 0,
188, 189, 16, 0,
188, 189, 25, 0,
188, 189, 82, 0,
188, 189, 91, 0,
188, 189, 220, 0,
188, 189, 226, 0,
188, 189, 235, 0,
188, 189, 295, 0,
187, 189, 17, 0,
187, 189, 26, 0,
187, 189, 83, 0,
187, 189, 92, 0,
187, 189, 221, 0,
187, 189, 227, 0,
187, 189, 236, 0,
187, 189, 296, 0,
187, 188, 18, 0,
187, 188, 27, 0,
187, 188, 84, 0,
187, 188, 93, 0,
187, 188, 222, 0,
187, 188, 228, 0,
187, 188, 237, 0,
187, 188, 297, 0,
191, 192, 37, 0,
191, 192, 64, 0,
191, 192, 73, 0,
191, 192, 250, 0,
191, 192, 286, 0,
190, 192, 38, 0,
190, 192, 65, 0,
190, 192, 74, 0,
190, 192, 251, 0,
190, 192, 287, 0,
190, 191, 39, 0,
190, 191, 66, 0,
190, 191, 75, 0,
190, 191, 252, 0,
190, 191, 288, 0,
194, 195, 43, 0,
194, 195, 70, 0,
194, 195, 82, 0,
194, 195, 94, 0,
194, 195, 283, 0,
194, 195, 286, 0,
194, 195, 298, 0,
193, 195, 44, 0,
193, 195, 71, 0,
193, 195, 83, 0,
193, 195, 95, 0,
193, 195, 284, 0,
193, 195, 287, 0,
193, 195, 299, 0,
193, 194, 45, 0,
193, 194, 72, 0,
193, 194, 84, 0,
193, 194, 96, 0,
193, 194, 285, 0,
193, 194, 288, 0,
193, 194, 300, 0,
197, 198, 31, 0,
197, 198, 40, 0,
197, 198, 58, 0,
197, 198, 241, 0,
197, 198, 262, 0,
197, 198, 271, 0,
196, 198, 32, 0,
196, 198, 41, 0,
196, 198, 59, 0,
196, 198, 242, 0,
196, 198, 263, 0,
196, 198, 272, 0,
196, 197, 33, 0,
196, 197, 42, 0,
196, 197, 60, 0,
196, 197, 243, 0,
196, 197, 264, 0,
196, 197, 273, 0,
200, 201, 94, 0,
200, 201, 232, 0,
200, 201, 238, 0,
199, 201, 95, 0,
199, 201, 233, 0,
199, 201, 239, 0,
199, 200, 96, 0,
199, 200, 234, 0,
199, 200, 240, 0,
203, 204, 37, 0,
203, 204, 55, 0,
203, 204, 64, 0,
203, 204, 94, 0,
203, 204, 112, 0,
203, 204, 118, 0,
203, 204, 124, 0,
203, 204, 142, 0,
202, 204, 38, 0,
202, 204, 56, 0,
202, 204, 65, 0,
202, 204, 95, 0,
202, 204, 113, 0,
202, 204, 119, 0,
202, 204, 125, 0,
202, 204, 143, 0,
202, 203, 39, 0,
202, 203, 57, 0,
202, 203, 66, 0,
202, 203, 96, 0,
202, 203, 114, 0,
202, 203, 120, 0,
202, 203, 126, 0,
202, 203, 144, 0,
206, 207, 16, 0,
206, 207, 55, 0,
206, 207, 67, 0,
206, 207, 70, 0,
206, 207, 115, 0,
206, 207, 145, 0,
206, 207, 157, 0,
205, 207, 17, 0,
205, 207, 56, 0,
205, 207, 68, 0,
205, 207, 71, 0,
205, 207, 116, 0,
205, 207, 146, 0,
205, 207, 158, 0,
205, 206, 18, 0,
205, 206, 57, 0,
205, 206, 69, 0,
205, 206, 72, 0,
205, 206, 117, 0,
205, 206, 147, 0,
205, 206, 159, 0,
209, 210, 25, 0,
209, 210, 124, 0,
209, 210, 175, 0,
208, 210, 26, 0,
208, 210, 125, 0,
208, 210, 176, 0,
208, 209, 27, 0,
208, 209, 126, 0,
208, 209, 177, 0,
212, 213, 85, 0,
212, 213, 97, 0,
212, 213, 100, 0,
212, 213, 130, 0,
212, 213, 145, 0,
212, 213, 166, 0,
211, 213, 86, 0,
211, 213, 98, 0,
211, 213, 101, 0,
211, 213, 131, 0,
211, 213, 146, 0,
211, 213, 167, 0,
211, 212, 87, 0,
211, 212, 99, 0,
211, 212, 102, 0,
211, 212, 132, 0,
211, 212, 147, 0,
211, 212, 168, 0,
215, 216, 58, 0,
215, 216, 64, 0,
215, 216, 94, 0,
215, 216, 127, 0,
214, 216, 59, 0,
214, 216, 65, 0,
214, 216, 95, 0,
214, 216, 128, 0,
214, 215, 60, 0,
214, 215, 66, 0,
214, 215, 96, 0,
214, 215, 129, 0,
218, 219, 1, 0,
218, 219, 28, 0,
218, 219, 37, 0,
217, 219, 2, 0,
217, 219, 29, 0,
217, 219, 38, 0,
217, 218, 3, 0,
217, 218, 30, 0,
217, 218, 39, 0,
221, 222, 1, 0,
221, 222, 106, 0,
221, 222, 184, 0,
221, 222, 187, 0,
220, 222, 2, 0,
220, 222, 107, 0,
220, 222, 185, 0,
220, 222, 188, 0,
220, 221, 3, 0,
220, 221, 108, 0,
220, 221, 186, 0,
220, 221, 189, 0,
224, 225, 109, 0,
224, 225, 112, 0,
224, 225, 139, 0,
223, 225, 110, 0,
223, 225, 113, 0,
223, 225, 140, 0,
223, 224, 111, 0,
223, 224, 114, 0,
223, 224, 141, 0,
227, 228, 4, 0,
227, 228, 73, 0,
227, 228, 118, 0,
227, 228, 184, 0,
227, 228, 187, 0,
226, 228, 5, 0,
226, 228, 74, 0,
226, 228, 119, 0,
226, 228, 185, 0,
226, 228, 188, 0,
226, 227, 6, 0,
226, 227, 75, 0,
226, 227, 120, 0,
226, 227, 186, 0,
226, 227, 189, 0,
230, 231, 28, 0,
230, 231, 91, 0,
230, 231, 163, 0,
229, 231, 29, 0,
229, 231, 92, 0,
229, 231, 164, 0,
229, 230, 30, 0,
229, 230, 93, 0,
229, 230, 165, 0,
233, 234, 4, 0,
233, 234, 22, 0,
233, 234, 76, 0,
233, 234, 151, 0,
233, 234, 199, 0,
232, 234, 5, 0,
232, 234, 23, 0,
232, 234, 77, 0,
232, 234, 152, 0,
232, 234, 200, 0,
232, 233, 6, 0,
232, 233, 24, 0,
232, 233, 78, 0,
232, 233, 153, 0,
232, 233, 201, 0,
236, 237, 4, 0,
236, 237, 31, 0,
236, 237, 160, 0,
236, 237, 166, 0,
236, 237, 184, 0,
236, 237, 187, 0,
235, 237, 5, 0,
235, 237, 32, 0,
235, 237, 161, 0,
235, 237, 167, 0,
235, 237, 185, 0,
235, 237, 188, 0,
235, 236, 6, 0,
235, 236, 33, 0,
235, 236, 162, 0,
235, 236, 168, 0,
235, 236, 186, 0,
235, 236, 189, 0,
239, 240, 1, 0,
239, 240, 19, 0,
239, 240, 34, 0,
239, 240, 61, 0,
239, 240, 109, 0,
239, 240, 112, 0,
239, 240, 199, 0,
238, 240, 2, 0,
238, 240, 20, 0,
238, 240, 35, 0,
238, 240, 62, 0,
238, 240, 110, 0,
238, 240, 113, 0,
238, 240, 200, 0,
238, 239, 3, 0,
238, 239, 21, 0,
238, 239, 36, 0,
238, 239, 63, 0,
238, 239, 111, 0,
238, 239, 114, 0,
238, 239, 201, 0,
242, 243, 112, 0,
242, 243, 148, 0,
242, 243, 157, 0,
242, 243, 196, 0,
241, 243, 113, 0,
241, 243, 149, 0,
241, 243, 158, 0,
241, 243, 197, 0,
241, 242, 114, 0,
241, 242, 150, 0,
241, 242, 159, 0,
241, 242, 198, 0,
245, 246, 10, 0,
245, 246, 43, 0,
245, 246, 52, 0,
245, 246, 85, 0,
244, 246, 11, 0,
244, 246, 44, 0,
244, 246, 53, 0,
244, 246, 86, 0,
244, 245, 12, 0,
244, 245, 45, 0,
244, 245, 54, 0,
244, 245, 87, 0,
248, 249, 7, 0,
248, 249, 88, 0,
248, 249, 175, 0,
247, 249, 8, 0,
247, 249, 89, 0,
247, 249, 176, 0,
247, 248, 9, 0,
247, 248, 90, 0,
247, 248, 177, 0,
251, 252, 19, 0,
251, 252, 157, 0,
251, 252, 166, 0,
251, 252, 190, 0,
250, 252, 20, 0,
250, 252, 158, 0,
250, 252, 167, 0,
250, 252, 191, 0,
250, 251, 21, 0,
250, 251, 159, 0,
250, 251, 168, 0,
250, 251, 192, 0,
254, 255, 91, 0,
254, 255, 127, 0,
253, 255, 92, 0,
253, 255, 128, 0,
253, 254, 93, 0,
253, 254, 129, 0,
257, 258, 25, 0,
257, 258, 40, 0,
257, 258, 91, 0,
257, 258, 121, 0,
257, 258, 184, 0,
256, 258, 26, 0,
256, 258, 41, 0,
256, 258, 92, 0,
256, 258, 122, 0,
256, 258, 185, 0,
256, 257, 27, 0,
256, 257, 42, 0,
256, 257, 93, 0,
256, 257, 123, 0,
256, 257, 186, 0,
260, 261, 10, 0,
260, 261, 49, 0,
260, 261, 67, 0,
260, 261, 91, 0,
260, 261, 121, 0,
260, 261, 136, 0,
260, 261, 172, 0,
260, 261, 175, 0,
259, 261, 11, 0,
259, 261, 50, 0,
259, 261, 68, 0,
259, 261, 92, 0,
259, 261, 122, 0,
259, 261, 137, 0,
259, 261, 173, 0,
259, 261, 176, 0,
259, 260, 12, 0,
259, 260, 51, 0,
259, 260, 69, 0,
259, 260, 93, 0,
259, 260, 123, 0,
259, 260, 138, 0,
259, 260, 174, 0,
259, 260, 177, 0,
263, 264, 82, 0,
263, 264, 115, 0,
263, 264, 196, 0,
262, 264, 83, 0,
262, 264, 116, 0,
262, 264, 197, 0,
262, 263, 84, 0,
262, 263, 117, 0,
262, 263, 198, 0,
266, 267, 10, 0,
266, 267, 67, 0,
266, 267, 73, 0,
266, 267, 76, 0,
265, 267, 11, 0,
265, 267, 68, 0,
265, 267, 74, 0,
265, 267, 77, 0,
265, 266, 12, 0,
265, 266, 69, 0,
265, 266, 75, 0,
265, 266, 78, 0,
269, 270, 22, 0,
269, 270, 46, 0,
269, 270, 52, 0,
269, 270, 70, 0,
269, 270, 115, 0,
269, 270, 124, 0,
269, 270, 181, 0,
268, 270, 23, 0,
268, 270, 47, 0,
268, 270, 53, 0,
268, 270, 71, 0,
268, 270, 116, 0,
268, 270, 125, 0,
268, 270, 182, 0,
268, 269, 24, 0,
268, 269, 48, 0,
268, 269, 54, 0,
268, 269, 72, 0,
268, 269, 117, 0,
268, 269, 126, 0,
268, 269, 183, 0,
272, 273, 52, 0,
272, 273, 61, 0,
272, 273, 172, 0,
272, 273, 175, 0,
272, 273, 196, 0,
271, 273, 53, 0,
271, 273, 62, 0,
271, 273, 173, 0,
271, 273, 176, 0,
271, 273, 197, 0,
271, 272, 54, 0,
271, 272, 63, 0,
271, 272, 174, 0,
271, 272, 177, 0,
271, 272, 198, 0,
275, 276, 10, 0,
275, 276, 88, 0,
275, 276, 103, 0,
275, 276, 133, 0,
275, 276, 172, 0,
274, 276, 11, 0,
274, 276, 89, 0,
274, 276, 104, 0,
274, 276, 134, 0,
274, 276, 173, 0,
274, 275, 12, 0,
274, 275, 90, 0,
274, 275, 105, 0,
274, 275, 135, 0,
274, 275, 174, 0,
278, 279, 16, 0,
278, 279, 22, 0,
278, 279, 70, 0,
278, 279, 136, 0,
277, 279, 17, 0,
277, 279, 23, 0,
277, 279, 71, 0,
277, 279, 137, 0,
277, 278, 18, 0,
277, 278, 24, 0,
277, 278, 72, 0,
277, 278, 138, 0,
281, 282, 28, 0,
281, 282, 31, 0,
281, 282, 76, 0,
281, 282, 100, 0,
281, 282, 157, 0,
281, 282, 172, 0,
280, 282, 29, 0,
280, 282, 32, 0,
280, 282, 77, 0,
280, 282, 101, 0,
280, 282, 158, 0,
280, 282, 173, 0,
280, 281, 30, 0,
280, 281, 33, 0,
280, 281, 78, 0,
280, 281, 102, 0,
280, 281, 159, 0,
280, 281, 174, 0,
284, 285, 25, 0,
284, 285, 52, 0,
284, 285, 94, 0,
284, 285, 97, 0,
284, 285, 106, 0,
284, 285, 127, 0,
284, 285, 163, 0,
284, 285, 193, 0,
283, 285, 26, 0,
283, 285, 53, 0,
283, 285, 95, 0,
283, 285, 98, 0,
283, 285, 107, 0,
283, 285, 128, 0,
283, 285, 164, 0,
283, 285, 194, 0,
283, 284, 27, 0,
283, 284, 54, 0,
283, 284, 96, 0,
283, 284, 99, 0,
283, 284, 108, 0,
283, 284, 129, 0,
283, 284, 165, 0,
283, 284, 195, 0,
287, 288, 7, 0,
287, 288, 22, 0,
287, 288, 43, 0,
287, 288, 127, 0,
287, 288, 190, 0,
287, 288, 193, 0,
286, 288, 8, 0,
286, 288, 23, 0,
286, 288, 44, 0,
286, 288, 128, 0,
286, 288, 191, 0,
286, 288, 194, 0,
286, 287, 9, 0,
286, 287, 24, 0,
286, 287, 45, 0,
286, 287, 129, 0,
286, 287, 192, 0,
286, 287, 195, 0,
290, 291, 13, 0,
290, 291, 16, 0,
290, 291, 25, 0,
290, 291, 28, 0,
289, 291, 14, 0,
289, 291, 17, 0,
289, 291, 26, 0,
289, 291, 29, 0,
289, 290, 15, 0,
289, 290, 18, 0,
289, 290, 27, 0,
289, 290, 30, 0,
293, 294, 34, 0,
293, 294, 61, 0,
293, 294, 70, 0,
293, 294, 106, 0,
293, 294, 178, 0,
292, 294, 35, 0,
292, 294, 62, 0,
292, 294, 71, 0,
292, 294, 107, 0,
292, 294, 179, 0,
292, 293, 36, 0,
292, 293, 63, 0,
292, 293, 72, 0,
292, 293, 108, 0,
292, 293, 180, 0,
296, 297, 118, 0,
296, 297, 145, 0,
296, 297, 151, 0,
296, 297, 187, 0,
295, 297, 119, 0,
295, 297, 146, 0,
295, 297, 152, 0,
295, 297, 188, 0,
295, 296, 120, 0,
295, 296, 147, 0,
295, 296, 153, 0,
295, 296, 189, 0,
299, 300, 118, 0,
299, 300, 151, 0,
299, 300, 160, 0,
299, 300, 193, 0,
298, 300, 119, 0,
298, 300, 152, 0,
298, 300, 161, 0,
298, 300, 194, 0,
298, 299, 120, 0,
298, 299, 153, 0,
298, 299, 162, 0,
298, 299, 195, 0