1 1 2 1 0 0
1 1 3 1 0 0
2 1 3 1 0 0
1 0 2 0 3 0
4 1 5 1 0 0
4 1 6 1 0 0
5 1 6 1 0 0
4 0 5 0 6 0
7 1 8 1 0 0
7 1 9 1 0 0
8 1 9 1 0 0
7 0 8 0 9 0
10 1 11 1 0 0
10 1 12 1 0 0
11 1 12 1 0 0
10 0 11 0 12 0
13 1 14 1 0 0
13 1 15 1 0 0
14 1 15 1 0 0
13 0 14 0 15 0
16 1 17 1 0 0
16 1 18 1 0 0
17 1 18 1 0 0
16 0 17 0 18 0
19 1 20 1 0 0
19 1 21 1 0 0
20 1 21 1 0 0
19 0 20 0 21 0
22 1 23 1 0 0
22 1 24 1 0 0
23 1 24 1 0 0
22 0 23 0 24 0
25 1 26 1 0 0
25 1 27 1 0 0
26 1 27 1 0 0
25 0 26 0 27 0
28 1 29 1 0 0
28 1 30 1 0 0
29 1 30 1 0 0
28 0 29 0 30 0
31 1 32 1 0 0
31 1 33 1 0 0
32 1 33 1 0 0
31 0 32 0 33 0
34 1 35 1 0 0
34 1 36 1 0 0
35 1 36 1 0 0
34 0 35 0 36 0
37 1 38 1 0 0
37 1 39 1 0 0
38 1 39 1 0 0
37 0 38 0 39 0
40 1 41 1 0 0
40 1 42 1 0 0
41 1 42 1 0 0
40 0 41 0 42 0
43 1 44 1 0 0
43 1 45 1 0 0
44 1 45 1 0 0
43 0 44 0 45 0
46 1 47 1 0 0
46 1 48 1 0 0
47 1 48 1 0 0
46 0 47 0 48 0
49 1 50 1 0 0
49 1 51 1 0 0
50 1 51 1 0 0
49 0 50 0 51 0
52 1 53 1 0 0
52 1 54 1 0 0
53 1 54 1 0 0
52 0 53 0 54 0
55 1 56 1 0 0
55 1 57 1 0 0
56 1 57 1 0 0
55 0 56 0 57 0
58 1 59 1 0 0
58 1 60 1 0 0
59 1 60 1 0 0
58 0 59 0 60 0
61 1 62 1 0 0
61 1 63 1 0 0
62 1 63 1 0 0
61 0 62 0 63 0
64 1 65 1 0 0
64 1 66 1 0 0
65 1 66 1 0 0
64 0 65 0 66 0
67 1 68 1 0 0
67 1 69 1 0 0
68 1 69 1 0 0
67 0 68 0 69 0
70 1 71 1 0 0
70 1 72 1 0 0
71 1 72 1 0 0
70 0 71 0 72 0
73 1 74 1 0 0
73 1 75 1 0 0
74 1 75 1 0 0
73 0 74 0 75 0
76 1 77 1 0 0
76 1 78 1 0 0
77 1 78 1 0 0
76 0 77 0 78 0
79 1 80 1 0 0
79 1 81 1 0 0
80 1 81 1 0 0
79 0 80 0 81 0
82 1 83 1 0 0
82 1 84 1 0 0
83 1 84 1 0 0
82 0 83 0 84 0
85 1 86 1 0 0
85 1 87 1 0 0
86 1 87 1 0 0
85 0 86 0 87 0
88 1 89 1 0 0
88 1 90 1 0 0
89 1 90 1 0 0
88 0 89 0 90 0
91 1 92 1 0 0
91 1 93 1 0 0
92 1 93 1 0 0
91 0 92 0 93 0
94 1 95 1 0 0
94 1 96 1 0 0
95 1 96 1 0 0
94 0 95 0 96 0
97 1 98 1 0 0
97 1 99 1 0 0
98 1 99 1 0 0
97 0 98 0 99 0
100 1 101 1 0 0
100 1 102 1 0 0
101 1 102 1 0 0
100 0 101 0 102 0
103 1 104 1 0 0
103 1 105 1 0 0
104 1 105 1 0 0
103 0 104 0 105 0
106 1 107 1 0 0
106 1 108 1 0 0
107 1 108 1 0 0
106 0 107 0 108 0
109 1 110 1 0 0
109 1 111 1 0 0
110 1 111 1 0 0
109 0 110 0 111 0
112 1 113 1 0 0
112 1 114 1 0 0
113 1 114 1 0 0
112 0 113 0 114 0
115 1 116 1 0 0
115 1 117 1 0 0
116 1 117 1 0 0
115 0 116 0 117 0
118 1 119 1 0 0
118 1 120 1 0 0
119 1 120 1 0 0
118 0 119 0 120 0
121 1 122 1 0 0
121 1 123 1 0 0
122 1 123 1 0 0
121 0 122 0 123 0
124 1 125 1 0 0
124 1 126 1 0 0
125 1 126 1 0 0
124 0 125 0 126 0
127 1 128 1 0 0
127 1 129 1 0 0
128 1 129 1 0 0
127 0 128 0 129 0
130 1 131 1 0 0
130 1 132 1 0 0
131 1 132 1 0 0
130 0 131 0 132 0
133 1 134 1 0 0
133 1 135 1 0 0
134 1 135 1 0 0
133 0 134 0 135 0
136 1 137 1 0 0
136 1 138 1 0 0
137 1 138 1 0 0
136 0 137 0 138 0
139 1 140 1 0 0
139 1 141 1 0 0
140 1 141 1 0 0
139 0 140 0 141 0
142 1 143 1 0 0
142 1 144 1 0 0
143 1 144 1 0 0
142 0 143 0 144 0
145 1 146 1 0 0
145 1 147 1 0 0
146 1 147 1 0 0
145 0 146 0 147 0
148 1 149 1 0 0
148 1 150 1 0 0
149 1 150 1 0 0
148 0 149 0 150 0
151 1 152 1 0 0
151 1 153 1 0 0
152 1 153 1 0 0
151 0 152 0 153 0
154 1 155 1 0 0
154 1 156 1 0 0
155 1 156 1 0 0
154 0 155 0 156 0
157 1 158 1 0 0
157 1 159 1 0 0
158 1 159 1 0 0
157 0 158 0 159 0
160 1 161 1 0 0
160 1 162 1 0 0
161 1 162 1 0 0
160 0 161 0 162 0
163 1 164 1 0 0
163 1 165 1 0 0
164 1 165 1 0 0
163 0 164 0 165 0
166 1 167 1 0 0
166 1 168 1 0 0
167 1 168 1 0 0
166 0 167 0 168 0
169 1 170 1 0 0
169 1 171 1 0 0
170 1 171 1 0 0
169 0 170 0 171 0
172 1 173 1 0 0
172 1 174 1 0 0
173 1 174 1 0 0
172 0 173 0 174 0
175 1 176 1 0 0
175 1 177 1 0 0
176 1 177 1 0 0
175 0 176 0 177 0
178 1 179 1 0 0
178 1 180 1 0 0
179 1 180 1 0 0
178 0 179 0 180 0
181 1 182 1 0 0
181 1 183 1 0 0
182 1 183 1 0 0
181 0 182 0 183 0
184 1 185 1 0 0
184 1 186 1 0 0
185 1 186 1 0 0
184 0 185 0 186 0
187 1 188 1 0 0
187 1 189 1 0 0
188 1 189 1 0 0
187 0 188 0 189 0
190 1 191 1 0 0
190 1 192 1 0 0
191 1 192 1 0 0
190 0 191 0 192 0
193 1 194 1 0 0
193 1 195 1 0 0
194 1 195 1 0 0
193 0 194 0 195 0
196 1 197 1 0 0
196 1 198 1 0 0
197 1 198 1 0 0
196 0 197 0 198 0
199 1 200 1 0 0
199 1 201 1 0 0
200 1 201 1 0 0
199 0 200 0 201 0
202 1 203 1 0 0
202 1 204 1 0 0
203 1 204 1 0 0
202 0 203 0 204 0
205 1 206 1 0 0
205 1 207 1 0 0
206 1 207 1 0 0
205 0 206 0 207 0
208 1 209 1 0 0
208 1 210 1 0 0
209 1 210 1 0 0
208 0 209 0 210 0
211 1 212 1 0 0
211 1 213 1 0 0
212 1 213 1 0 0
211 0 212 0 213 0
214 1 215 1 0 0
214 1 216 1 0 0
215 1 216 1 0 0
214 0 215 0 216 0
217 1 218 1 0 0
217 1 219 1 0 0
218 1 219 1 0 0
217 0 218 0 219 0
220 1 221 1 0 0
220 1 222 1 0 0
221 1 222 1 0 0
220 0 221 0 222 0
223 1 224 1 0 0
223 1 225 1 0 0
224 1 225 1 0 0
223 0 224 0 225 0
19 1 1 1 0 0
20 1 2 1 0 0
21 1 3 1 0 0
46 1 1 1 0 0
47 1 2 1 0 0
48 1 3 1 0 0
154 1 1 1 0 0
155 1 2 1 0 0
156 1 3 1 0 0
172 1 1 1 0 0
173 1 2 1 0 0
174 1 3 1 0 0
187 1 1 1 0 0
188 1 2 1 0 0
189 1 3 1 0 0
193 1 1 1 0 0
194 1 2 1 0 0
195 1 3 1 0 0
79 1 4 1 0 0
80 1 5 1 0 0
81 1 6 1 0 0
115 1 4 1 0 0
116 1 5 1 0 0
117 1 6 1 0 0
118 1 4 1 0 0
119 1 5 1 0 0
120 1 6 1 0 0
121 1 4 1 0 0
122 1 5 1 0 0
123 1 6 1 0 0
151 1 4 1 0 0
152 1 5 1 0 0
153 1 6 1 0 0
154 1 4 1 0 0
155 1 5 1 0 0
156 1 6 1 0 0
22 1 7 1 0 0
23 1 8 1 0 0
24 1 9 1 0 0
37 1 7 1 0 0
38 1 8 1 0 0
39 1 9 1 0 0
55 1 7 1 0 0
56 1 8 1 0 0
57 1 9 1 0 0
70 1 7 1 0 0
71 1 8 1 0 0
72 1 9 1 0 0
142 1 7 1 0 0
143 1 8 1 0 0
144 1 9 1 0 0
175 1 7 1 0 0
176 1 8 1 0 0
177 1 9 1 0 0
16 1 10 1 0 0
17 1 11 1 0 0
18 1 12 1 0 0
34 1 10 1 0 0
35 1 11 1 0 0
36 1 12 1 0 0
64 1 10 1 0 0
65 1 11 1 0 0
66 1 12 1 0 0
109 1 10 1 0 0
110 1 11 1 0 0
111 1 12 1 0 0
112 1 10 1 0 0
113 1 11 1 0 0
114 1 12 1 0 0
139 1 10 1 0 0
140 1 11 1 0 0
141 1 12 1 0 0
154 1 10 1 0 0
155 1 11 1 0 0
156 1 12 1 0 0
16 1 13 1 0 0
17 1 14 1 0 0
18 1 15 1 0 0
31 1 13 1 0 0
32 1 14 1 0 0
33 1 15 1 0 0
55 1 13 1 0 0
56 1 14 1 0 0
57 1 15 1 0 0
130 1 13 1 0 0
131 1 14 1 0 0
132 1 15 1 0 0
193 1 13 1 0 0
194 1 14 1 0 0
195 1 15 1 0 0
217 1 13 1 0 0
218 1 14 1 0 0
219 1 15 1 0 0
220 1 13 1 0 0
221 1 14 1 0 0
222 1 15 1 0 0
49 1 16 1 0 0
50 1 17 1 0 0
51 1 18 1 0 0
70 1 16 1 0 0
71 1 17 1 0 0
72 1 18 1 0 0
136 1 16 1 0 0
137 1 17 1 0 0
138 1 18 1 0 0
184 1 16 1 0 0
185 1 17 1 0 0
186 1 18 1 0 0
202 1 16 1 0 0
203 1 17 1 0 0
204 1 18 1 0 0
40 1 19 1 0 0
41 1 20 1 0 0
42 1 21 1 0 0
82 1 19 1 0 0
83 1 20 1 0 0
84 1 21 1 0 0
190 1 19 1 0 0
191 1 20 1 0 0
192 1 21 1 0 0
28 1 22 1 0 0
29 1 23 1 0 0
30 1 24 1 0 0
46 1 22 1 0 0
47 1 23 1 0 0
48 1 24 1 0 0
151 1 22 1 0 0
152 1 23 1 0 0
153 1 24 1 0 0
166 1 22 1 0 0
167 1 23 1 0 0
168 1 24 1 0 0
43 1 25 1 0 0
44 1 26 1 0 0
45 1 27 1 0 0
73 1 25 1 0 0
74 1 26 1 0 0
75 1 27 1 0 0
187 1 25 1 0 0
188 1 26 1 0 0
189 1 27 1 0 0
193 1 25 1 0 0
194 1 26 1 0 0
195 1 27 1 0 0
70 1 28 1 0 0
71 1 29 1 0 0
72 1 30 1 0 0
85 1 28 1 0 0
86 1 29 1 0 0
87 1 30 1 0 0
115 1 28 1 0 0
116 1 29 1 0 0
117 1 30 1 0 0
124 1 28 1 0 0
125 1 29 1 0 0
126 1 30 1 0 0
169 1 28 1 0 0
170 1 29 1 0 0
171 1 30 1 0 0
37 1 31 1 0 0
38 1 32 1 0 0
39 1 33 1 0 0
61 1 31 1 0 0
62 1 32 1 0 0
63 1 33 1 0 0
112 1 31 1 0 0
113 1 32 1 0 0
114 1 33 1 0 0
178 1 31 1 0 0
179 1 32 1 0 0
180 1 33 1 0 0
217 1 31 1 0 0
218 1 32 1 0 0
219 1 33 1 0 0
112 1 34 1 0 0
113 1 35 1 0 0
114 1 36 1 0 0
184 1 34 1 0 0
185 1 35 1 0 0
186 1 36 1 0 0
211 1 34 1 0 0
212 1 35 1 0 0
213 1 36 1 0 0
52 1 37 1 0 0
53 1 38 1 0 0
54 1 39 1 0 0
88 1 37 1 0 0
89 1 38 1 0 0
90 1 39 1 0 0
61 1 40 1 0 0
62 1 41 1 0 0
63 1 42 1 0 0
124 1 40 1 0 0
125 1 41 1 0 0
126 1 42 1 0 0
145 1 40 1 0 0
146 1 41 1 0 0
147 1 42 1 0 0
157 1 40 1 0 0
158 1 41 1 0 0
159 1 42 1 0 0
223 1 40 1 0 0
224 1 41 1 0 0
225 1 42 1 0 0
64 1 43 1 0 0
65 1 44 1 0 0
66 1 45 1 0 0
82 1 43 1 0 0
83 1 44 1 0 0
84 1 45 1 0 0
139 1 43 1 0 0
140 1 44 1 0 0
141 1 45 1 0 0
142 1 43 1 0 0
143 1 44 1 0 0
144 1 45 1 0 0
199 1 43 1 0 0
200 1 44 1 0 0
201 1 45 1 0 0
211 1 43 1 0 0
212 1 44 1 0 0
213 1 45 1 0 0
67 1 49 1 0 0
68 1 50 1 0 0
69 1 51 1 0 0
205 1 49 1 0 0
206 1 50 1 0 0
207 1 51 1 0 0
121 1 52 1 0 0
122 1 53 1 0 0
123 1 54 1 0 0
127 1 52 1 0 0
128 1 53 1 0 0
129 1 54 1 0 0
181 1 52 1 0 0
182 1 53 1 0 0
183 1 54 1 0 0
94 1 55 1 0 0
95 1 56 1 0 0
96 1 57 1 0 0
151 1 55 1 0 0
152 1 56 1 0 0
153 1 57 1 0 0
196 1 55 1 0 0
197 1 56 1 0 0
198 1 57 1 0 0
223 1 55 1 0 0
224 1 56 1 0 0
225 1 57 1 0 0
136 1 58 1 0 0
137 1 59 1 0 0
138 1 60 1 0 0
142 1 58 1 0 0
143 1 59 1 0 0
144 1 60 1 0 0
70 1 61 1 0 0
71 1 62 1 0 0
72 1 63 1 0 0
88 1 61 1 0 0
89 1 62 1 0 0
90 1 63 1 0 0
91 1 61 1 0 0
92 1 62 1 0 0
93 1 63 1 0 0
106 1 61 1 0 0
107 1 62 1 0 0
108 1 63 1 0 0
133 1 61 1 0 0
134 1 62 1 0 0
135 1 63 1 0 0
148 1 61 1 0 0
149 1 62 1 0 0
150 1 63 1 0 0
73 1 64 1 0 0
74 1 65 1 0 0
75 1 66 1 0 0
76 1 64 1 0 0
77 1 65 1 0 0
78 1 66 1 0 0
187 1 64 1 0 0
188 1 65 1 0 0
189 1 66 1 0 0
199 1 64 1 0 0
200 1 65 1 0 0
201 1 66 1 0 0
208 1 64 1 0 0
209 1 65 1 0 0
210 1 66 1 0 0
214 1 64 1 0 0
215 1 65 1 0 0
216 1 66 1 0 0
139 1 67 1 0 0
140 1 68 1 0 0
141 1 69 1 0 0
169 1 67 1 0 0
170 1 68 1 0 0
171 1 69 1 0 0
175 1 67 1 0 0
176 1 68 1 0 0
177 1 69 1 0 0
181 1 67 1 0 0
182 1 68 1 0 0
183 1 69 1 0 0
208 1 67 1 0 0
209 1 68 1 0 0
210 1 69 1 0 0
160 1 70 1 0 0
161 1 71 1 0 0
162 1 72 1 0 0
181 1 70 1 0 0
182 1 71 1 0 0
183 1 72 1 0 0
85 1 73 1 0 0
86 1 74 1 0 0
87 1 75 1 0 0
94 1 76 1 0 0
95 1 77 1 0 0
96 1 78 1 0 0
133 1 76 1 0 0
134 1 77 1 0 0
135 1 78 1 0 0
181 1 76 1 0 0
182 1 77 1 0 0
183 1 78 1 0 0
91 1 79 1 0 0
92 1 80 1 0 0
93 1 81 1 0 0
106 1 79 1 0 0
107 1 80 1 0 0
108 1 81 1 0 0
214 1 82 1 0 0
215 1 83 1 0 0
216 1 84 1 0 0
184 1 85 1 0 0
185 1 86 1 0 0
186 1 87 1 0 0
136 1 88 1 0 0
137 1 89 1 0 0
138 1 90 1 0 0
148 1 88 1 0 0
149 1 89 1 0 0
150 1 90 1 0 0
112 1 91 1 0 0
113 1 92 1 0 0
114 1 93 1 0 0
169 1 91 1 0 0
170 1 92 1 0 0
171 1 93 1 0 0
175 1 91 1 0 0
176 1 92 1 0 0
177 1 93 1 0 0
178 1 91 1 0 0
179 1 92 1 0 0
180 1 93 1 0 0
220 1 91 1 0 0
221 1 92 1 0 0
222 1 93 1 0 0
145 1 94 1 0 0
146 1 95 1 0 0
147 1 96 1 0 0
148 1 94 1 0 0
149 1 95 1 0 0
150 1 96 1 0 0
169 1 94 1 0 0
170 1 95 1 0 0
171 1 96 1 0 0
124 1 97 1 0 0
125 1 98 1 0 0
126 1 99 1 0 0
118 1 100 1 0 0
119 1 101 1 0 0
120 1 102 1 0 0
124 1 100 1 0 0
125 1 101 1 0 0
126 1 102 1 0 0
127 1 100 1 0 0
128 1 101 1 0 0
129 1 102 1 0 0
109 1 103 1 0 0
110 1 104 1 0 0
111 1 105 1 0 0
181 1 103 1 0 0
182 1 104 1 0 0
183 1 105 1 0 0
223 1 103 1 0 0
224 1 104 1 0 0
225 1 105 1 0 0
130 1 106 1 0 0
131 1 107 1 0 0
132 1 108 1 0 0
190 1 106 1 0 0
191 1 107 1 0 0
192 1 108 1 0 0
202 1 106 1 0 0
203 1 107 1 0 0
204 1 108 1 0 0
208 1 106 1 0 0
209 1 107 1 0 0
210 1 108 1 0 0
127 1 109 1 0 0
128 1 110 1 0 0
129 1 111 1 0 0
166 1 109 1 0 0
167 1 110 1 0 0
168 1 111 1 0 0
193 1 112 1 0 0
194 1 113 1 0 0
195 1 114 1 0 0
205 1 112 1 0 0
206 1 113 1 0 0
207 1 114 1 0 0
130 1 115 1 0 0
131 1 116 1 0 0
132 1 117 1 0 0
136 1 115 1 0 0
137 1 116 1 0 0
138 1 117 1 0 0
121 1 118 1 0 0
122 1 119 1 0 0
123 1 120 1 0 0
199 1 118 1 0 0
200 1 119 1 0 0
201 1 120 1 0 0
202 1 118 1 0 0
203 1 119 1 0 0
204 1 120 1 0 0
223 1 118 1 0 0
224 1 119 1 0 0
225 1 120 1 0 0
154 1 121 1 0 0
155 1 122 1 0 0
156 1 123 1 0 0
196 1 121 1 0 0
197 1 122 1 0 0
198 1 123 1 0 0
133 1 124 1 0 0
134 1 125 1 0 0
135 1 126 1 0 0
172 1 124 1 0 0
173 1 125 1 0 0
174 1 126 1 0 0
205 1 124 1 0 0
206 1 125 1 0 0
207 1 126 1 0 0
145 1 127 1 0 0
146 1 128 1 0 0
147 1 129 1 0 0
154 1 130 1 0 0
155 1 131 1 0 0
156 1 132 1 0 0
184 1 130 1 0 0
185 1 131 1 0 0
186 1 132 1 0 0
199 1 130 1 0 0
200 1 131 1 0 0
201 1 132 1 0 0
211 1 130 1 0 0
212 1 131 1 0 0
213 1 132 1 0 0
151 1 133 1 0 0
152 1 134 1 0 0
153 1 135 1 0 0
160 1 133 1 0 0
161 1 134 1 0 0
162 1 135 1 0 0
211 1 133 1 0 0
212 1 134 1 0 0
213 1 135 1 0 0
166 1 136 1 0 0
167 1 137 1 0 0
168 1 138 1 0 0
181 1 136 1 0 0
182 1 137 1 0 0
183 1 138 1 0 0
211 1 136 1 0 0
212 1 137 1 0 0
213 1 138 1 0 0
223 1 136 1 0 0
224 1 137 1 0 0
225 1 138 1 0 0
178 1 139 1 0 0
179 1 140 1 0 0
180 1 141 1 0 0
184 1 139 1 0 0
185 1 140 1 0 0
186 1 141 1 0 0
214 1 142 1 0 0
215 1 143 1 0 0
216 1 144 1 0 0
157 1 145 1 0 0
158 1 146 1 0 0
159 1 147 1 0 0
172 1 148 1 0 0
173 1 149 1 0 0
174 1 150 1 0 0
214 1 151 1 0 0
215 1 152 1 0 0
216 1 153 1 0 0
190 1 154 1 0 0
191 1 155 1 0 0
192 1 156 1 0 0
193 1 157 1 0 0
194 1 158 1 0 0
195 1 159 1 0 0
196 1 157 1 0 0
197 1 158 1 0 0
198 1 159 1 0 0
169 1 160 1 0 0
170 1 161 1 0 0
171 1 162 1 0 0
208 1 160 1 0 0
209 1 161 1 0 0
210 1 162 1 0 0
181 1 163 1 0 0
182 1 164 1 0 0
183 1 165 1 0 0
184 1 163 1 0 0
185 1 164 1 0 0
186 1 165 1 0 0
196 1 163 1 0 0
197 1 164 1 0 0
198 1 165 1 0 0
217 1 166 1 0 0
218 1 167 1 0 0
219 1 168 1 0 0
214 1 169 1 0 0
215 1 170 1 0 0
216 1 171 1 0 0
181 1 175 1 0 0
182 1 176 1 0 0
183 1 177 1 0 0
217 1 184 1 0 0
218 1 185 1 0 0
219 1 186 1 0 0
223 1 196 1 0 0
224 1 197 1 0 0
225 1 198 1 0 0
223 1 217 1 0 0
224 1 218 1 0 0
225 1 219 1 0 0
