int unit1_0[31][6]={
3, 1, 0, 0, 0, 0,
4, 1, 0, 0, 0, 0,
5, 1, 0, 0, 0, 0,
6, 1, 0, 0, 0, 0,
7, 1, 0, 0, 0, 0,
8, 1, 0, 0, 0, 0,
9, 1, 0, 0, 0, 0,
10, 1, 0, 0, 0, 0,
11, 1, 0, 0, 0, 0,
12, 1, 0, 0, 0, 0,
13, 1, 0, 0, 0, 0,
14, 1, 0, 0, 0, 0,
15, 1, 0, 0, 0, 0,
16, 1, 0, 0, 0, 0,
17, 1, 0, 0, 0, 0,
18, 1, 0, 0, 0, 0,
5, 0, 34, 0, 0, 0, 
4, 0, 34, 0, 0, 0, 
7, 0, 35, 0, 0, 0, 
6, 0, 35, 0, 0, 0, 
9, 0, 36, 0, 0, 0, 
8, 0, 36, 0, 0, 0, 
11, 0, 37, 0, 0, 0, 
10, 0, 37, 0, 0, 0, 
13, 0, 38, 0, 0, 0, 
12, 0, 38, 0, 0, 0, 
15, 0, 39, 0, 0, 0, 
14, 0, 39, 0, 0, 0, 
17, 0, 40, 0, 0, 0, 
16, 0, 40, 0, 0, 0, 
33, 1, 41, 0, 0, 0};
int unit1_1[35][6]={
3, 0, 33, 0, 0, 0,
33, 0, 4, 1, 0, 0, 
33, 0, 5, 1, 0, 0, 
33, 0, 6, 1, 0, 0, 
33, 0, 7, 1, 0, 0, 
33, 0, 8, 1, 0, 0, 
33, 0, 9, 1, 0, 0, 
33, 0, 10, 1, 0, 0, 
33, 0, 11, 1, 0, 0, 
33, 0, 12, 1, 0, 0, 
33, 0, 13, 1, 0, 0, 
33, 0, 14, 1, 0, 0, 
33, 0, 15, 1, 0, 0, 
33, 0, 16, 1, 0, 0, 
33, 0, 17, 1, 0, 0, 
33, 0, 18, 1, 0, 0, 
33, 0, 19, 1, 0, 0, 
3, 0, 2, 0, 0, 0, 
3, 0, 18, 0, 41, 0, 
3, 0, 19, 1, 0, 0, 
3, 0, 20, 1, 0, 0, 
3, 0, 21, 1, 0, 0, 
3, 0, 22, 1, 0, 0, 
3, 0, 23, 1, 0, 0, 
3, 0, 24, 1, 0, 0, 
3, 0, 25, 1, 0, 0, 
3, 0, 26, 1, 0, 0, 
3, 0, 27, 1, 0, 0, 
3, 0, 28, 1, 0, 0, 
3, 0, 29, 1, 0, 0, 
3, 0, 30, 1, 0, 0, 
3, 0, 31, 1, 0, 0, 
3, 0, 32, 1, 0, 0, 
3, 0, 34, 1, 0, 0, 
3, 0, 17, 1, 0, 0};
int unit2_0[33][6]={
19, 1, 0, 0, 0, 0,
20, 1, 0, 0, 0, 0,
21, 1, 0, 0, 0, 0,
22, 1, 0, 0, 0, 0,
23, 1, 0, 0, 0, 0,
24, 1, 0, 0, 0, 0,
25, 1, 0, 0, 0, 0,
26, 1, 0, 0, 0, 0,
27, 1, 0, 0, 0, 0,
28, 1, 0, 0, 0, 0,
29, 1, 0, 0, 0, 0,
30, 1, 0, 0, 0, 0,
31, 1, 0, 0, 0, 0,
32, 1, 0, 0, 0, 0,
33, 1, 0, 0, 0, 0,
34, 1, 0, 0, 0, 0,
21, 0, 48, 0, 0, 0, 
20, 0, 48, 0, 0, 0, 
23, 0, 49, 0, 0, 0, 
22, 0, 49, 0, 0, 0, 
25, 0, 50, 0, 0, 0, 
24, 0, 50, 0, 0, 0, 
27, 0, 51, 0, 0, 0, 
26, 0, 51, 0, 0, 0, 
29, 0, 52, 0, 0, 0, 
28, 0, 52, 0, 0, 0, 
31, 0, 53, 0, 0, 0, 
30, 0, 53, 0, 0, 0, 
33, 0, 54, 0, 0, 0, 
1, 1, 3, 0, 0, 0, 
32, 0, 54, 0, 0, 0, 
4, 0, 5, 0, 0, 0, 
47, 1, 55, 0, 0, 0};
int unit2_1[18][6]={
19, 0, 47, 0, 0, 0,
47, 0, 20, 1, 0, 0, 
47, 0, 21, 1, 0, 0, 
47, 0, 22, 1, 0, 0, 
47, 0, 23, 1, 0, 0, 
47, 0, 24, 1, 0, 0, 
47, 0, 25, 1, 0, 0, 
47, 0, 26, 1, 0, 0, 
47, 0, 27, 1, 0, 0, 
47, 0, 28, 1, 0, 0, 
47, 0, 29, 1, 0, 0, 
47, 0, 30, 1, 0, 0, 
47, 0, 31, 1, 0, 0, 
47, 0, 32, 1, 0, 0, 
47, 0, 33, 1, 0, 0, 
47, 0, 34, 1, 0, 0, 
47, 0, 3, 1, 0, 0, 
19, 0, 34, 0, 55, 0};
int unit3_0[34][6]={
33, 0, 1, 1, 0, 0,
4, 1, 0, 0, 33, 0, 
5, 1, 0, 0, 33, 0, 
6, 1, 0, 0, 33, 0, 
7, 1, 0, 0, 33, 0, 
8, 1, 0, 0, 33, 0, 
9, 1, 0, 0, 33, 0, 
10, 1, 0, 0, 33, 0, 
11, 1, 0, 0, 33, 0, 
12, 1, 0, 0, 33, 0, 
13, 1, 0, 0, 33, 0, 
14, 1, 0, 0, 33, 0, 
15, 1, 0, 0, 33, 0, 
16, 1, 0, 0, 33, 0, 
17, 1, 0, 0, 33, 0, 
18, 1, 0, 0, 33, 0, 
1, 1, 2, 0, 0, 0, 
1, 1, 18, 0, 41, 0, 
1, 1, 19, 1, 0, 0, 
1, 1, 20, 1, 0, 0, 
1, 1, 21, 1, 0, 0, 
1, 1, 22, 1, 0, 0, 
1, 1, 23, 1, 0, 0, 
1, 1, 24, 1, 0, 0, 
1, 1, 25, 1, 0, 0, 
1, 1, 26, 1, 0, 0, 
1, 1, 27, 1, 0, 0, 
1, 1, 28, 1, 0, 0, 
1, 1, 29, 1, 0, 0, 
1, 1, 30, 1, 0, 0, 
1, 1, 31, 1, 0, 0, 
1, 1, 32, 1, 0, 0, 
1, 1, 34, 1, 0, 0, 
1, 1, 17, 1, 0, 0};
int unit3_1[33][6]={
0, 0, 1, 0, 0, 0,
4, 1, 0, 0, 0, 0,
5, 1, 0, 0, 0, 0,
6, 1, 0, 0, 0, 0,
7, 1, 0, 0, 0, 0,
8, 1, 0, 0, 0, 0,
9, 1, 0, 0, 0, 0,
10, 1, 0, 0, 0, 0,
11, 1, 0, 0, 0, 0,
12, 1, 0, 0, 0, 0,
13, 1, 0, 0, 0, 0,
14, 1, 0, 0, 0, 0,
15, 1, 0, 0, 0, 0,
16, 1, 0, 0, 0, 0,
17, 1, 0, 0, 0, 0,
18, 1, 0, 0, 0, 0,
19, 1, 0, 0, 0, 0,
5, 0, 34, 0, 0, 0, 
4, 0, 34, 0, 0, 0, 
7, 0, 35, 0, 0, 0, 
6, 0, 35, 0, 0, 0, 
9, 0, 36, 0, 0, 0, 
8, 0, 36, 0, 0, 0, 
11, 0, 37, 0, 0, 0, 
10, 0, 37, 0, 0, 0, 
13, 0, 38, 0, 0, 0, 
12, 0, 38, 0, 0, 0, 
15, 0, 39, 0, 0, 0, 
14, 0, 39, 0, 0, 0, 
17, 0, 40, 0, 0, 0, 
16, 0, 40, 0, 0, 0, 
33, 1, 41, 0, 0, 0, 
2, 1, 47, 0, 0, 0};
int unit4_0[35][6]={
5, 0, 34, 0, 0, 0,
34, 0, 1, 0, 0, 0, 
34, 0, 3, 1, 0, 0, 
34, 0, 6, 1, 0, 0, 
34, 0, 7, 1, 0, 0, 
34, 0, 8, 1, 0, 0, 
34, 0, 9, 1, 0, 0, 
34, 0, 10, 1, 0, 0, 
34, 0, 11, 1, 0, 0, 
34, 0, 12, 1, 0, 0, 
34, 0, 13, 1, 0, 0, 
34, 0, 14, 1, 0, 0, 
34, 0, 15, 1, 0, 0, 
34, 0, 16, 1, 0, 0, 
34, 0, 17, 1, 0, 0, 
34, 0, 18, 1, 0, 0, 
34, 0, 21, 1, 0, 0, 
5, 0, 2, 0, 0, 0, 
5, 0, 35, 1, 42, 0, 
5, 0, 19, 1, 0, 0, 
5, 0, 20, 1, 0, 0, 
5, 0, 21, 1, 0, 0, 
5, 0, 22, 1, 0, 0, 
5, 0, 23, 1, 0, 0, 
5, 0, 24, 1, 0, 0, 
5, 0, 25, 1, 0, 0, 
5, 0, 26, 1, 0, 0, 
5, 0, 27, 1, 0, 0, 
5, 0, 28, 1, 0, 0, 
5, 0, 29, 1, 0, 0, 
5, 0, 30, 1, 0, 0, 
5, 0, 31, 1, 0, 0, 
5, 0, 32, 1, 0, 0, 
5, 0, 33, 1, 0, 0, 
5, 0, 18, 1, 0, 0};
int unit4_1[33][6]={
0, 0, 1, 0, 0, 0,
0, 0, 3, 1, 0, 0,
5, 1, 0, 0, 0, 0,
6, 1, 0, 0, 0, 0,
7, 1, 0, 0, 0, 0,
8, 1, 0, 0, 0, 0,
9, 1, 0, 0, 0, 0,
10, 1, 0, 0, 0, 0,
11, 1, 0, 0, 0, 0,
12, 1, 0, 0, 0, 0,
13, 1, 0, 0, 0, 0,
14, 1, 0, 0, 0, 0,
15, 1, 0, 0, 0, 0,
16, 1, 0, 0, 0, 0,
17, 1, 0, 0, 0, 0,
18, 1, 0, 0, 0, 0,
20, 1, 0, 0, 0, 0,
0, 0, 3, 0, 33, 0, 
1, 1, 33, 0, 0, 0, 
7, 0, 35, 0, 0, 0, 
6, 0, 35, 0, 0, 0, 
9, 0, 36, 0, 0, 0, 
8, 0, 36, 0, 0, 0, 
11, 0, 37, 0, 0, 0, 
10, 0, 37, 0, 0, 0, 
13, 0, 38, 0, 0, 0, 
12, 0, 38, 0, 0, 0, 
15, 0, 39, 0, 0, 0, 
14, 0, 39, 0, 0, 0, 
17, 0, 40, 0, 0, 0, 
16, 0, 40, 0, 0, 0, 
33, 1, 41, 0, 0, 0, 
21, 0, 48, 0, 0, 0};
int unit5_0[35][6]={
34, 0, 4, 0, 0, 0,
34, 0, 1, 0, 0, 0, 
34, 0, 3, 1, 0, 0, 
34, 0, 6, 1, 0, 0, 
34, 0, 7, 1, 0, 0, 
34, 0, 8, 1, 0, 0, 
34, 0, 9, 1, 0, 0, 
34, 0, 10, 1, 0, 0, 
34, 0, 11, 1, 0, 0, 
34, 0, 12, 1, 0, 0, 
34, 0, 13, 1, 0, 0, 
34, 0, 14, 1, 0, 0, 
34, 0, 15, 1, 0, 0, 
34, 0, 16, 1, 0, 0, 
34, 0, 17, 1, 0, 0, 
34, 0, 18, 1, 0, 0, 
34, 0, 20, 1, 0, 0, 
4, 0, 2, 0, 0, 0, 
4, 0, 35, 1, 42, 0, 
4, 0, 19, 1, 0, 0, 
4, 0, 20, 1, 0, 0, 
4, 0, 21, 1, 0, 0, 
4, 0, 22, 1, 0, 0, 
4, 0, 23, 1, 0, 0, 
4, 0, 24, 1, 0, 0, 
4, 0, 25, 1, 0, 0, 
4, 0, 26, 1, 0, 0, 
4, 0, 27, 1, 0, 0, 
4, 0, 28, 1, 0, 0, 
4, 0, 29, 1, 0, 0, 
4, 0, 30, 1, 0, 0, 
4, 0, 31, 1, 0, 0, 
4, 0, 32, 1, 0, 0, 
4, 0, 33, 1, 0, 0, 
4, 0, 18, 1, 0, 0};
int unit5_1[33][6]={
0, 0, 1, 0, 0, 0,
0, 0, 3, 1, 0, 0,
0, 0, 4, 1, 0, 0,
6, 1, 0, 0, 0, 0,
7, 1, 0, 0, 0, 0,
8, 1, 0, 0, 0, 0,
9, 1, 0, 0, 0, 0,
10, 1, 0, 0, 0, 0,
11, 1, 0, 0, 0, 0,
12, 1, 0, 0, 0, 0,
13, 1, 0, 0, 0, 0,
14, 1, 0, 0, 0, 0,
15, 1, 0, 0, 0, 0,
16, 1, 0, 0, 0, 0,
17, 1, 0, 0, 0, 0,
18, 1, 0, 0, 0, 0,
21, 1, 0, 0, 0, 0,
0, 0, 3, 0, 33, 0, 
1, 1, 33, 0, 0, 0, 
7, 0, 35, 0, 0, 0, 
6, 0, 35, 0, 0, 0, 
9, 0, 36, 0, 0, 0, 
8, 0, 36, 0, 0, 0, 
11, 0, 37, 0, 0, 0, 
10, 0, 37, 0, 0, 0, 
13, 0, 38, 0, 0, 0, 
12, 0, 38, 0, 0, 0, 
15, 0, 39, 0, 0, 0, 
14, 0, 39, 0, 0, 0, 
17, 0, 40, 0, 0, 0, 
16, 0, 40, 0, 0, 0, 
33, 1, 41, 0, 0, 0, 
20, 0, 48, 0, 0, 0};
int unit6_0[18][6]={
7, 0, 35, 0, 0, 0,
35, 0, 1, 0, 0, 0, 
35, 0, 3, 1, 0, 0, 
35, 0, 4, 1, 0, 0, 
35, 0, 5, 1, 0, 0, 
35, 0, 8, 1, 0, 0, 
35, 0, 9, 1, 0, 0, 
35, 0, 10, 1, 0, 0, 
35, 0, 11, 1, 0, 0, 
35, 0, 12, 1, 0, 0, 
35, 0, 13, 1, 0, 0, 
35, 0, 14, 1, 0, 0, 
35, 0, 15, 1, 0, 0, 
35, 0, 16, 1, 0, 0, 
35, 0, 17, 1, 0, 0, 
35, 0, 18, 1, 0, 0, 
35, 0, 23, 1, 0, 0, 
7, 0, 34, 1, 42, 0};
int unit6_1[33][6]={
0, 0, 1, 0, 0, 0,
0, 0, 3, 1, 0, 0,
0, 0, 4, 1, 0, 0,
0, 0, 5, 1, 0, 0,
7, 1, 0, 0, 0, 0,
8, 1, 0, 0, 0, 0,
9, 1, 0, 0, 0, 0,
10, 1, 0, 0, 0, 0,
11, 1, 0, 0, 0, 0,
12, 1, 0, 0, 0, 0,
13, 1, 0, 0, 0, 0,
14, 1, 0, 0, 0, 0,
15, 1, 0, 0, 0, 0,
16, 1, 0, 0, 0, 0,
17, 1, 0, 0, 0, 0,
18, 1, 0, 0, 0, 0,
22, 1, 0, 0, 0, 0,
0, 0, 3, 0, 33, 0, 
1, 1, 33, 0, 0, 0, 
5, 0, 34, 0, 0, 0, 
4, 0, 34, 0, 0, 0, 
9, 0, 36, 0, 0, 0, 
8, 0, 36, 0, 0, 0, 
11, 0, 37, 0, 0, 0, 
10, 0, 37, 0, 0, 0, 
13, 0, 38, 0, 0, 0, 
12, 0, 38, 0, 0, 0, 
15, 0, 39, 0, 0, 0, 
14, 0, 39, 0, 0, 0, 
17, 0, 40, 0, 0, 0, 
16, 0, 40, 0, 0, 0, 
33, 1, 41, 0, 0, 0, 
23, 0, 49, 0, 0, 0};
int unit7_0[18][6]={
35, 0, 6, 0, 0, 0,
35, 0, 1, 0, 0, 0, 
35, 0, 3, 1, 0, 0, 
35, 0, 4, 1, 0, 0, 
35, 0, 5, 1, 0, 0, 
35, 0, 8, 1, 0, 0, 
35, 0, 9, 1, 0, 0, 
35, 0, 10, 1, 0, 0, 
35, 0, 11, 1, 0, 0, 
35, 0, 12, 1, 0, 0, 
35, 0, 13, 1, 0, 0, 
35, 0, 14, 1, 0, 0, 
35, 0, 15, 1, 0, 0, 
35, 0, 16, 1, 0, 0, 
35, 0, 17, 1, 0, 0, 
35, 0, 18, 1, 0, 0, 
35, 0, 22, 1, 0, 0, 
6, 0, 34, 1, 42, 0};
int unit7_1[33][6]={
0, 0, 1, 0, 0, 0,
0, 0, 3, 1, 0, 0,
0, 0, 4, 1, 0, 0,
0, 0, 5, 1, 0, 0,
0, 0, 6, 1, 0, 0,
8, 1, 0, 0, 0, 0,
9, 1, 0, 0, 0, 0,
10, 1, 0, 0, 0, 0,
11, 1, 0, 0, 0, 0,
12, 1, 0, 0, 0, 0,
13, 1, 0, 0, 0, 0,
14, 1, 0, 0, 0, 0,
15, 1, 0, 0, 0, 0,
16, 1, 0, 0, 0, 0,
17, 1, 0, 0, 0, 0,
18, 1, 0, 0, 0, 0,
23, 1, 0, 0, 0, 0,
0, 0, 3, 0, 33, 0, 
1, 1, 33, 0, 0, 0, 
5, 0, 34, 0, 0, 0, 
4, 0, 34, 0, 0, 0, 
9, 0, 36, 0, 0, 0, 
8, 0, 36, 0, 0, 0, 
11, 0, 37, 0, 0, 0, 
10, 0, 37, 0, 0, 0, 
13, 0, 38, 0, 0, 0, 
12, 0, 38, 0, 0, 0, 
15, 0, 39, 0, 0, 0, 
14, 0, 39, 0, 0, 0, 
17, 0, 40, 0, 0, 0, 
16, 0, 40, 0, 0, 0, 
33, 1, 41, 0, 0, 0, 
22, 0, 49, 0, 0, 0};
int unit8_0[18][6]={
9, 0, 36, 0, 0, 0,
36, 0, 1, 0, 0, 0, 
36, 0, 3, 1, 0, 0, 
36, 0, 4, 1, 0, 0, 
36, 0, 5, 1, 0, 0, 
36, 0, 6, 1, 0, 0, 
36, 0, 7, 1, 0, 0, 
36, 0, 10, 1, 0, 0, 
36, 0, 11, 1, 0, 0, 
36, 0, 12, 1, 0, 0, 
36, 0, 13, 1, 0, 0, 
36, 0, 14, 1, 0, 0, 
36, 0, 15, 1, 0, 0, 
36, 0, 16, 1, 0, 0, 
36, 0, 17, 1, 0, 0, 
36, 0, 18, 1, 0, 0, 
36, 0, 25, 1, 0, 0, 
9, 0, 37, 1, 43, 0};
int unit8_1[33][6]={
0, 0, 1, 0, 0, 0,
0, 0, 3, 1, 0, 0,
0, 0, 4, 1, 0, 0,
0, 0, 5, 1, 0, 0,
0, 0, 6, 1, 0, 0,
0, 0, 7, 1, 0, 0,
9, 1, 0, 0, 0, 0,
10, 1, 0, 0, 0, 0,
11, 1, 0, 0, 0, 0,
12, 1, 0, 0, 0, 0,
13, 1, 0, 0, 0, 0,
14, 1, 0, 0, 0, 0,
15, 1, 0, 0, 0, 0,
16, 1, 0, 0, 0, 0,
17, 1, 0, 0, 0, 0,
18, 1, 0, 0, 0, 0,
24, 1, 0, 0, 0, 0,
0, 0, 3, 0, 33, 0, 
1, 1, 33, 0, 0, 0, 
5, 0, 34, 0, 0, 0, 
4, 0, 34, 0, 0, 0, 
7, 0, 35, 0, 0, 0, 
6, 0, 35, 0, 0, 0, 
11, 0, 37, 0, 0, 0, 
10, 0, 37, 0, 0, 0, 
13, 0, 38, 0, 0, 0, 
12, 0, 38, 0, 0, 0, 
15, 0, 39, 0, 0, 0, 
14, 0, 39, 0, 0, 0, 
17, 0, 40, 0, 0, 0, 
16, 0, 40, 0, 0, 0, 
33, 1, 41, 0, 0, 0, 
25, 0, 50, 0, 0, 0};
int unit9_0[18][6]={
36, 0, 8, 0, 0, 0,
36, 0, 1, 0, 0, 0, 
36, 0, 3, 1, 0, 0, 
36, 0, 4, 1, 0, 0, 
36, 0, 5, 1, 0, 0, 
36, 0, 6, 1, 0, 0, 
36, 0, 7, 1, 0, 0, 
36, 0, 10, 1, 0, 0, 
36, 0, 11, 1, 0, 0, 
36, 0, 12, 1, 0, 0, 
36, 0, 13, 1, 0, 0, 
36, 0, 14, 1, 0, 0, 
36, 0, 15, 1, 0, 0, 
36, 0, 16, 1, 0, 0, 
36, 0, 17, 1, 0, 0, 
36, 0, 18, 1, 0, 0, 
36, 0, 24, 1, 0, 0, 
8, 0, 37, 1, 43, 0};
int unit9_1[33][6]={
0, 0, 1, 0, 0, 0,
0, 0, 3, 1, 0, 0,
0, 0, 4, 1, 0, 0,
0, 0, 5, 1, 0, 0,
0, 0, 6, 1, 0, 0,
0, 0, 7, 1, 0, 0,
0, 0, 8, 1, 0, 0,
10, 1, 0, 0, 0, 0,
11, 1, 0, 0, 0, 0,
12, 1, 0, 0, 0, 0,
13, 1, 0, 0, 0, 0,
14, 1, 0, 0, 0, 0,
15, 1, 0, 0, 0, 0,
16, 1, 0, 0, 0, 0,
17, 1, 0, 0, 0, 0,
18, 1, 0, 0, 0, 0,
25, 1, 0, 0, 0, 0,
0, 0, 3, 0, 33, 0, 
1, 1, 33, 0, 0, 0, 
5, 0, 34, 0, 0, 0, 
4, 0, 34, 0, 0, 0, 
7, 0, 35, 0, 0, 0, 
6, 0, 35, 0, 0, 0, 
11, 0, 37, 0, 0, 0, 
10, 0, 37, 0, 0, 0, 
13, 0, 38, 0, 0, 0, 
12, 0, 38, 0, 0, 0, 
15, 0, 39, 0, 0, 0, 
14, 0, 39, 0, 0, 0, 
17, 0, 40, 0, 0, 0, 
16, 0, 40, 0, 0, 0, 
33, 1, 41, 0, 0, 0, 
24, 0, 50, 0, 0, 0};
int unit10_0[18][6]={
11, 0, 37, 0, 0, 0,
37, 0, 1, 0, 0, 0, 
37, 0, 3, 1, 0, 0, 
37, 0, 4, 1, 0, 0, 
37, 0, 5, 1, 0, 0, 
37, 0, 6, 1, 0, 0, 
37, 0, 7, 1, 0, 0, 
37, 0, 8, 1, 0, 0, 
37, 0, 9, 1, 0, 0, 
37, 0, 12, 1, 0, 0, 
37, 0, 13, 1, 0, 0, 
37, 0, 14, 1, 0, 0, 
37, 0, 15, 1, 0, 0, 
37, 0, 16, 1, 0, 0, 
37, 0, 17, 1, 0, 0, 
37, 0, 18, 1, 0, 0, 
37, 0, 27, 1, 0, 0, 
11, 0, 36, 1, 43, 0};
int unit10_1[33][6]={
0, 0, 1, 0, 0, 0,
0, 0, 3, 1, 0, 0,
0, 0, 4, 1, 0, 0,
0, 0, 5, 1, 0, 0,
0, 0, 6, 1, 0, 0,
0, 0, 7, 1, 0, 0,
0, 0, 8, 1, 0, 0,
0, 0, 9, 1, 0, 0,
11, 1, 0, 0, 0, 0,
12, 1, 0, 0, 0, 0,
13, 1, 0, 0, 0, 0,
14, 1, 0, 0, 0, 0,
15, 1, 0, 0, 0, 0,
16, 1, 0, 0, 0, 0,
17, 1, 0, 0, 0, 0,
18, 1, 0, 0, 0, 0,
26, 1, 0, 0, 0, 0,
0, 0, 3, 0, 33, 0, 
1, 1, 33, 0, 0, 0, 
5, 0, 34, 0, 0, 0, 
4, 0, 34, 0, 0, 0, 
7, 0, 35, 0, 0, 0, 
6, 0, 35, 0, 0, 0, 
9, 0, 36, 0, 0, 0, 
8, 0, 36, 0, 0, 0, 
13, 0, 38, 0, 0, 0, 
12, 0, 38, 0, 0, 0, 
15, 0, 39, 0, 0, 0, 
14, 0, 39, 0, 0, 0, 
17, 0, 40, 0, 0, 0, 
16, 0, 40, 0, 0, 0, 
33, 1, 41, 0, 0, 0, 
27, 0, 51, 0, 0, 0};
int unit11_0[18][6]={
37, 0, 10, 0, 0, 0,
37, 0, 1, 0, 0, 0, 
37, 0, 3, 1, 0, 0, 
37, 0, 4, 1, 0, 0, 
37, 0, 5, 1, 0, 0, 
37, 0, 6, 1, 0, 0, 
37, 0, 7, 1, 0, 0, 
37, 0, 8, 1, 0, 0, 
37, 0, 9, 1, 0, 0, 
37, 0, 12, 1, 0, 0, 
37, 0, 13, 1, 0, 0, 
37, 0, 14, 1, 0, 0, 
37, 0, 15, 1, 0, 0, 
37, 0, 16, 1, 0, 0, 
37, 0, 17, 1, 0, 0, 
37, 0, 18, 1, 0, 0, 
37, 0, 26, 1, 0, 0, 
10, 0, 36, 1, 43, 0};
int unit11_1[33][6]={
0, 0, 1, 0, 0, 0,
0, 0, 3, 1, 0, 0,
0, 0, 4, 1, 0, 0,
0, 0, 5, 1, 0, 0,
0, 0, 6, 1, 0, 0,
0, 0, 7, 1, 0, 0,
0, 0, 8, 1, 0, 0,
0, 0, 9, 1, 0, 0,
0, 0, 10, 1, 0, 0,
12, 1, 0, 0, 0, 0,
13, 1, 0, 0, 0, 0,
14, 1, 0, 0, 0, 0,
15, 1, 0, 0, 0, 0,
16, 1, 0, 0, 0, 0,
17, 1, 0, 0, 0, 0,
18, 1, 0, 0, 0, 0,
27, 1, 0, 0, 0, 0,
0, 0, 3, 0, 33, 0, 
1, 1, 33, 0, 0, 0, 
5, 0, 34, 0, 0, 0, 
4, 0, 34, 0, 0, 0, 
7, 0, 35, 0, 0, 0, 
6, 0, 35, 0, 0, 0, 
9, 0, 36, 0, 0, 0, 
8, 0, 36, 0, 0, 0, 
13, 0, 38, 0, 0, 0, 
12, 0, 38, 0, 0, 0, 
15, 0, 39, 0, 0, 0, 
14, 0, 39, 0, 0, 0, 
17, 0, 40, 0, 0, 0, 
16, 0, 40, 0, 0, 0, 
33, 1, 41, 0, 0, 0, 
26, 0, 51, 0, 0, 0};
int unit12_0[18][6]={
13, 0, 38, 0, 0, 0,
38, 0, 1, 0, 0, 0, 
38, 0, 3, 1, 0, 0, 
38, 0, 4, 1, 0, 0, 
38, 0, 5, 1, 0, 0, 
38, 0, 6, 1, 0, 0, 
38, 0, 7, 1, 0, 0, 
38, 0, 8, 1, 0, 0, 
38, 0, 9, 1, 0, 0, 
38, 0, 10, 1, 0, 0, 
38, 0, 11, 1, 0, 0, 
38, 0, 14, 1, 0, 0, 
38, 0, 15, 1, 0, 0, 
38, 0, 16, 1, 0, 0, 
38, 0, 17, 1, 0, 0, 
38, 0, 18, 1, 0, 0, 
38, 0, 29, 1, 0, 0, 
13, 0, 39, 1, 44, 0};
int unit12_1[33][6]={
0, 0, 1, 0, 0, 0,
0, 0, 3, 1, 0, 0,
0, 0, 4, 1, 0, 0,
0, 0, 5, 1, 0, 0,
0, 0, 6, 1, 0, 0,
0, 0, 7, 1, 0, 0,
0, 0, 8, 1, 0, 0,
0, 0, 9, 1, 0, 0,
0, 0, 10, 1, 0, 0,
0, 0, 11, 1, 0, 0,
13, 1, 0, 0, 0, 0,
14, 1, 0, 0, 0, 0,
15, 1, 0, 0, 0, 0,
16, 1, 0, 0, 0, 0,
17, 1, 0, 0, 0, 0,
18, 1, 0, 0, 0, 0,
28, 1, 0, 0, 0, 0,
0, 0, 3, 0, 33, 0, 
1, 1, 33, 0, 0, 0, 
5, 0, 34, 0, 0, 0, 
4, 0, 34, 0, 0, 0, 
7, 0, 35, 0, 0, 0, 
6, 0, 35, 0, 0, 0, 
9, 0, 36, 0, 0, 0, 
8, 0, 36, 0, 0, 0, 
11, 0, 37, 0, 0, 0, 
10, 0, 37, 0, 0, 0, 
15, 0, 39, 0, 0, 0, 
14, 0, 39, 0, 0, 0, 
17, 0, 40, 0, 0, 0, 
16, 0, 40, 0, 0, 0, 
33, 1, 41, 0, 0, 0, 
29, 0, 52, 0, 0, 0};
int unit13_0[18][6]={
38, 0, 12, 0, 0, 0,
38, 0, 1, 0, 0, 0, 
38, 0, 3, 1, 0, 0, 
38, 0, 4, 1, 0, 0, 
38, 0, 5, 1, 0, 0, 
38, 0, 6, 1, 0, 0, 
38, 0, 7, 1, 0, 0, 
38, 0, 8, 1, 0, 0, 
38, 0, 9, 1, 0, 0, 
38, 0, 10, 1, 0, 0, 
38, 0, 11, 1, 0, 0, 
38, 0, 14, 1, 0, 0, 
38, 0, 15, 1, 0, 0, 
38, 0, 16, 1, 0, 0, 
38, 0, 17, 1, 0, 0, 
38, 0, 18, 1, 0, 0, 
38, 0, 28, 1, 0, 0, 
12, 0, 39, 1, 44, 0};
int unit13_1[33][6]={
0, 0, 1, 0, 0, 0,
0, 0, 3, 1, 0, 0,
0, 0, 4, 1, 0, 0,
0, 0, 5, 1, 0, 0,
0, 0, 6, 1, 0, 0,
0, 0, 7, 1, 0, 0,
0, 0, 8, 1, 0, 0,
0, 0, 9, 1, 0, 0,
0, 0, 10, 1, 0, 0,
0, 0, 11, 1, 0, 0,
0, 0, 12, 1, 0, 0,
14, 1, 0, 0, 0, 0,
15, 1, 0, 0, 0, 0,
16, 1, 0, 0, 0, 0,
17, 1, 0, 0, 0, 0,
18, 1, 0, 0, 0, 0,
29, 1, 0, 0, 0, 0,
0, 0, 3, 0, 33, 0, 
1, 1, 33, 0, 0, 0, 
5, 0, 34, 0, 0, 0, 
4, 0, 34, 0, 0, 0, 
7, 0, 35, 0, 0, 0, 
6, 0, 35, 0, 0, 0, 
9, 0, 36, 0, 0, 0, 
8, 0, 36, 0, 0, 0, 
11, 0, 37, 0, 0, 0, 
10, 0, 37, 0, 0, 0, 
15, 0, 39, 0, 0, 0, 
14, 0, 39, 0, 0, 0, 
17, 0, 40, 0, 0, 0, 
16, 0, 40, 0, 0, 0, 
33, 1, 41, 0, 0, 0, 
28, 0, 52, 0, 0, 0};
int unit14_0[18][6]={
15, 0, 39, 0, 0, 0,
39, 0, 1, 0, 0, 0, 
39, 0, 3, 1, 0, 0, 
39, 0, 4, 1, 0, 0, 
39, 0, 5, 1, 0, 0, 
39, 0, 6, 1, 0, 0, 
39, 0, 7, 1, 0, 0, 
39, 0, 8, 1, 0, 0, 
39, 0, 9, 1, 0, 0, 
39, 0, 10, 1, 0, 0, 
39, 0, 11, 1, 0, 0, 
39, 0, 12, 1, 0, 0, 
39, 0, 13, 1, 0, 0, 
39, 0, 16, 1, 0, 0, 
39, 0, 17, 1, 0, 0, 
39, 0, 18, 1, 0, 0, 
39, 0, 31, 1, 0, 0, 
15, 0, 38, 1, 44, 0};
int unit14_1[33][6]={
0, 0, 1, 0, 0, 0,
0, 0, 3, 1, 0, 0,
0, 0, 4, 1, 0, 0,
0, 0, 5, 1, 0, 0,
0, 0, 6, 1, 0, 0,
0, 0, 7, 1, 0, 0,
0, 0, 8, 1, 0, 0,
0, 0, 9, 1, 0, 0,
0, 0, 10, 1, 0, 0,
0, 0, 11, 1, 0, 0,
0, 0, 12, 1, 0, 0,
0, 0, 13, 1, 0, 0,
15, 1, 0, 0, 0, 0,
16, 1, 0, 0, 0, 0,
17, 1, 0, 0, 0, 0,
18, 1, 0, 0, 0, 0,
30, 1, 0, 0, 0, 0,
0, 0, 3, 0, 33, 0, 
1, 1, 33, 0, 0, 0, 
5, 0, 34, 0, 0, 0, 
4, 0, 34, 0, 0, 0, 
7, 0, 35, 0, 0, 0, 
6, 0, 35, 0, 0, 0, 
9, 0, 36, 0, 0, 0, 
8, 0, 36, 0, 0, 0, 
11, 0, 37, 0, 0, 0, 
10, 0, 37, 0, 0, 0, 
13, 0, 38, 0, 0, 0, 
12, 0, 38, 0, 0, 0, 
17, 0, 40, 0, 0, 0, 
16, 0, 40, 0, 0, 0, 
33, 1, 41, 0, 0, 0, 
31, 0, 53, 0, 0, 0};
int unit15_0[18][6]={
39, 0, 14, 0, 0, 0,
39, 0, 1, 0, 0, 0, 
39, 0, 3, 1, 0, 0, 
39, 0, 4, 1, 0, 0, 
39, 0, 5, 1, 0, 0, 
39, 0, 6, 1, 0, 0, 
39, 0, 7, 1, 0, 0, 
39, 0, 8, 1, 0, 0, 
39, 0, 9, 1, 0, 0, 
39, 0, 10, 1, 0, 0, 
39, 0, 11, 1, 0, 0, 
39, 0, 12, 1, 0, 0, 
39, 0, 13, 1, 0, 0, 
39, 0, 16, 1, 0, 0, 
39, 0, 17, 1, 0, 0, 
39, 0, 18, 1, 0, 0, 
39, 0, 30, 1, 0, 0, 
14, 0, 38, 1, 44, 0};
int unit15_1[33][6]={
0, 0, 1, 0, 0, 0,
0, 0, 3, 1, 0, 0,
0, 0, 4, 1, 0, 0,
0, 0, 5, 1, 0, 0,
0, 0, 6, 1, 0, 0,
0, 0, 7, 1, 0, 0,
0, 0, 8, 1, 0, 0,
0, 0, 9, 1, 0, 0,
0, 0, 10, 1, 0, 0,
0, 0, 11, 1, 0, 0,
0, 0, 12, 1, 0, 0,
0, 0, 13, 1, 0, 0,
0, 0, 14, 1, 0, 0,
16, 1, 0, 0, 0, 0,
17, 1, 0, 0, 0, 0,
18, 1, 0, 0, 0, 0,
31, 1, 0, 0, 0, 0,
0, 0, 3, 0, 33, 0, 
1, 1, 33, 0, 0, 0, 
5, 0, 34, 0, 0, 0, 
4, 0, 34, 0, 0, 0, 
7, 0, 35, 0, 0, 0, 
6, 0, 35, 0, 0, 0, 
9, 0, 36, 0, 0, 0, 
8, 0, 36, 0, 0, 0, 
11, 0, 37, 0, 0, 0, 
10, 0, 37, 0, 0, 0, 
13, 0, 38, 0, 0, 0, 
12, 0, 38, 0, 0, 0, 
17, 0, 40, 0, 0, 0, 
16, 0, 40, 0, 0, 0, 
33, 1, 41, 0, 0, 0, 
30, 0, 53, 0, 0, 0};
int unit16_0[18][6]={
17, 0, 40, 0, 0, 0,
40, 0, 1, 0, 0, 0, 
40, 0, 3, 1, 0, 0, 
40, 0, 4, 1, 0, 0, 
40, 0, 5, 1, 0, 0, 
40, 0, 6, 1, 0, 0, 
40, 0, 7, 1, 0, 0, 
40, 0, 8, 1, 0, 0, 
40, 0, 9, 1, 0, 0, 
40, 0, 10, 1, 0, 0, 
40, 0, 11, 1, 0, 0, 
40, 0, 12, 1, 0, 0, 
40, 0, 13, 1, 0, 0, 
40, 0, 14, 1, 0, 0, 
40, 0, 15, 1, 0, 0, 
40, 0, 18, 1, 0, 0, 
40, 0, 33, 1, 0, 0, 
17, 0, 41, 1, 45, 0};
int unit16_1[33][6]={
0, 0, 1, 0, 0, 0,
0, 0, 3, 1, 0, 0,
0, 0, 4, 1, 0, 0,
0, 0, 5, 1, 0, 0,
0, 0, 6, 1, 0, 0,
0, 0, 7, 1, 0, 0,
0, 0, 8, 1, 0, 0,
0, 0, 9, 1, 0, 0,
0, 0, 10, 1, 0, 0,
0, 0, 11, 1, 0, 0,
0, 0, 12, 1, 0, 0,
0, 0, 13, 1, 0, 0,
0, 0, 14, 1, 0, 0,
0, 0, 15, 1, 0, 0,
17, 1, 0, 0, 0, 0,
18, 1, 0, 0, 0, 0,
32, 1, 0, 0, 0, 0,
0, 0, 3, 0, 33, 0, 
1, 1, 33, 0, 0, 0, 
5, 0, 34, 0, 0, 0, 
4, 0, 34, 0, 0, 0, 
7, 0, 35, 0, 0, 0, 
6, 0, 35, 0, 0, 0, 
9, 0, 36, 0, 0, 0, 
8, 0, 36, 0, 0, 0, 
11, 0, 37, 0, 0, 0, 
10, 0, 37, 0, 0, 0, 
13, 0, 38, 0, 0, 0, 
12, 0, 38, 0, 0, 0, 
15, 0, 39, 0, 0, 0, 
14, 0, 39, 0, 0, 0, 
33, 1, 41, 0, 0, 0, 
33, 0, 54, 0, 0, 0};
int unit17_0[18][6]={
40, 0, 16, 0, 0, 0,
40, 0, 1, 0, 0, 0, 
40, 0, 3, 1, 0, 0, 
40, 0, 4, 1, 0, 0, 
40, 0, 5, 1, 0, 0, 
40, 0, 6, 1, 0, 0, 
40, 0, 7, 1, 0, 0, 
40, 0, 8, 1, 0, 0, 
40, 0, 9, 1, 0, 0, 
40, 0, 10, 1, 0, 0, 
40, 0, 11, 1, 0, 0, 
40, 0, 12, 1, 0, 0, 
40, 0, 13, 1, 0, 0, 
40, 0, 14, 1, 0, 0, 
40, 0, 15, 1, 0, 0, 
40, 0, 18, 1, 0, 0, 
40, 0, 32, 1, 0, 0, 
16, 0, 41, 1, 45, 0};
int unit17_1[34][6]={
0, 0, 1, 0, 0, 0,
0, 0, 3, 1, 0, 0,
0, 0, 4, 1, 0, 0,
0, 0, 5, 1, 0, 0,
0, 0, 6, 1, 0, 0,
0, 0, 7, 1, 0, 0,
0, 0, 8, 1, 0, 0,
0, 0, 9, 1, 0, 0,
0, 0, 10, 1, 0, 0,
0, 0, 11, 1, 0, 0,
0, 0, 12, 1, 0, 0,
0, 0, 13, 1, 0, 0,
0, 0, 14, 1, 0, 0,
0, 0, 15, 1, 0, 0,
0, 0, 16, 1, 0, 0,
18, 1, 0, 0, 0, 0,
33, 1, 0, 0, 0, 0,
0, 0, 3, 0, 33, 0, 
1, 1, 33, 0, 0, 0, 
5, 0, 34, 0, 0, 0, 
4, 0, 34, 0, 0, 0, 
7, 0, 35, 0, 0, 0, 
6, 0, 35, 0, 0, 0, 
9, 0, 36, 0, 0, 0, 
8, 0, 36, 0, 0, 0, 
11, 0, 37, 0, 0, 0, 
10, 0, 37, 0, 0, 0, 
13, 0, 38, 0, 0, 0, 
12, 0, 38, 0, 0, 0, 
15, 0, 39, 0, 0, 0, 
14, 0, 39, 0, 0, 0, 
33, 1, 41, 0, 0, 0, 
1, 1, 3, 0, 0, 0, 
32, 0, 54, 0, 0, 0};
int unit19_0[17][6]={
47, 0, 2, 1, 0, 0,
20, 1, 0, 0, 47, 0, 
21, 1, 0, 0, 47, 0, 
22, 1, 0, 0, 47, 0, 
23, 1, 0, 0, 47, 0, 
24, 1, 0, 0, 47, 0, 
25, 1, 0, 0, 47, 0, 
26, 1, 0, 0, 47, 0, 
27, 1, 0, 0, 47, 0, 
28, 1, 0, 0, 47, 0, 
29, 1, 0, 0, 47, 0, 
30, 1, 0, 0, 47, 0, 
31, 1, 0, 0, 47, 0, 
32, 1, 0, 0, 47, 0, 
33, 1, 0, 0, 47, 0, 
34, 1, 0, 0, 47, 0, 
2, 1, 34, 0, 55, 0};
int unit19_1[35][6]={
0, 0, 2, 0, 0, 0,
20, 1, 0, 0, 0, 0,
21, 1, 0, 0, 0, 0,
22, 1, 0, 0, 0, 0,
23, 1, 0, 0, 0, 0,
24, 1, 0, 0, 0, 0,
25, 1, 0, 0, 0, 0,
26, 1, 0, 0, 0, 0,
27, 1, 0, 0, 0, 0,
28, 1, 0, 0, 0, 0,
29, 1, 0, 0, 0, 0,
30, 1, 0, 0, 0, 0,
31, 1, 0, 0, 0, 0,
32, 1, 0, 0, 0, 0,
33, 1, 0, 0, 0, 0,
34, 1, 0, 0, 0, 0,
0, 0, 3, 1, 0, 0,
1, 1, 33, 0, 0, 0, 
21, 0, 48, 0, 0, 0, 
20, 0, 48, 0, 0, 0, 
23, 0, 49, 0, 0, 0, 
22, 0, 49, 0, 0, 0, 
25, 0, 50, 0, 0, 0, 
24, 0, 50, 0, 0, 0, 
27, 0, 51, 0, 0, 0, 
26, 0, 51, 0, 0, 0, 
29, 0, 52, 0, 0, 0, 
28, 0, 52, 0, 0, 0, 
31, 0, 53, 0, 0, 0, 
30, 0, 53, 0, 0, 0, 
33, 0, 54, 0, 0, 0, 
1, 1, 3, 0, 0, 0, 
32, 0, 54, 0, 0, 0, 
4, 0, 5, 0, 0, 0, 
47, 1, 55, 0, 0, 0};
int unit20_0[18][6]={
21, 0, 48, 0, 0, 0,
48, 0, 2, 0, 0, 0, 
48, 0, 19, 1, 0, 0, 
48, 0, 22, 1, 0, 0, 
48, 0, 23, 1, 0, 0, 
48, 0, 24, 1, 0, 0, 
48, 0, 25, 1, 0, 0, 
48, 0, 26, 1, 0, 0, 
48, 0, 27, 1, 0, 0, 
48, 0, 28, 1, 0, 0, 
48, 0, 29, 1, 0, 0, 
48, 0, 30, 1, 0, 0, 
48, 0, 31, 1, 0, 0, 
48, 0, 32, 1, 0, 0, 
48, 0, 33, 1, 0, 0, 
48, 0, 34, 1, 0, 0, 
48, 0, 5, 1, 0, 0, 
21, 0, 49, 1, 56, 0};
int unit20_1[35][6]={
0, 0, 2, 0, 0, 0,
0, 0, 19, 1, 0, 0,
21, 1, 0, 0, 0, 0,
22, 1, 0, 0, 0, 0,
23, 1, 0, 0, 0, 0,
24, 1, 0, 0, 0, 0,
25, 1, 0, 0, 0, 0,
26, 1, 0, 0, 0, 0,
27, 1, 0, 0, 0, 0,
28, 1, 0, 0, 0, 0,
29, 1, 0, 0, 0, 0,
30, 1, 0, 0, 0, 0,
31, 1, 0, 0, 0, 0,
32, 1, 0, 0, 0, 0,
33, 1, 0, 0, 0, 0,
34, 1, 0, 0, 0, 0,
0, 0, 4, 1, 0, 0,
0, 0, 19, 0, 47, 0, 
5, 0, 34, 0, 0, 0, 
2, 1, 47, 0, 0, 0, 
23, 0, 49, 0, 0, 0, 
22, 0, 49, 0, 0, 0, 
25, 0, 50, 0, 0, 0, 
24, 0, 50, 0, 0, 0, 
27, 0, 51, 0, 0, 0, 
26, 0, 51, 0, 0, 0, 
29, 0, 52, 0, 0, 0, 
28, 0, 52, 0, 0, 0, 
31, 0, 53, 0, 0, 0, 
30, 0, 53, 0, 0, 0, 
33, 0, 54, 0, 0, 0, 
1, 1, 3, 0, 0, 0, 
32, 0, 54, 0, 0, 0, 
4, 0, 5, 0, 0, 0, 
47, 1, 55, 0, 0, 0};
int unit21_0[18][6]={
48, 0, 20, 0, 0, 0,
48, 0, 2, 0, 0, 0, 
48, 0, 19, 1, 0, 0, 
48, 0, 22, 1, 0, 0, 
48, 0, 23, 1, 0, 0, 
48, 0, 24, 1, 0, 0, 
48, 0, 25, 1, 0, 0, 
48, 0, 26, 1, 0, 0, 
48, 0, 27, 1, 0, 0, 
48, 0, 28, 1, 0, 0, 
48, 0, 29, 1, 0, 0, 
48, 0, 30, 1, 0, 0, 
48, 0, 31, 1, 0, 0, 
48, 0, 32, 1, 0, 0, 
48, 0, 33, 1, 0, 0, 
48, 0, 34, 1, 0, 0, 
48, 0, 4, 1, 0, 0, 
20, 0, 49, 1, 56, 0};
int unit21_1[35][6]={
0, 0, 2, 0, 0, 0,
0, 0, 19, 1, 0, 0,
0, 0, 20, 1, 0, 0,
22, 1, 0, 0, 0, 0,
23, 1, 0, 0, 0, 0,
24, 1, 0, 0, 0, 0,
25, 1, 0, 0, 0, 0,
26, 1, 0, 0, 0, 0,
27, 1, 0, 0, 0, 0,
28, 1, 0, 0, 0, 0,
29, 1, 0, 0, 0, 0,
30, 1, 0, 0, 0, 0,
31, 1, 0, 0, 0, 0,
32, 1, 0, 0, 0, 0,
33, 1, 0, 0, 0, 0,
34, 1, 0, 0, 0, 0,
0, 0, 5, 1, 0, 0,
0, 0, 19, 0, 47, 0, 
4, 0, 34, 0, 0, 0, 
2, 1, 47, 0, 0, 0, 
23, 0, 49, 0, 0, 0, 
22, 0, 49, 0, 0, 0, 
25, 0, 50, 0, 0, 0, 
24, 0, 50, 0, 0, 0, 
27, 0, 51, 0, 0, 0, 
26, 0, 51, 0, 0, 0, 
29, 0, 52, 0, 0, 0, 
28, 0, 52, 0, 0, 0, 
31, 0, 53, 0, 0, 0, 
30, 0, 53, 0, 0, 0, 
33, 0, 54, 0, 0, 0, 
1, 1, 3, 0, 0, 0, 
32, 0, 54, 0, 0, 0, 
4, 0, 5, 0, 0, 0, 
47, 1, 55, 0, 0, 0};
int unit22_0[18][6]={
23, 0, 49, 0, 0, 0,
49, 0, 2, 0, 0, 0, 
49, 0, 19, 1, 0, 0, 
49, 0, 20, 1, 0, 0, 
49, 0, 21, 1, 0, 0, 
49, 0, 24, 1, 0, 0, 
49, 0, 25, 1, 0, 0, 
49, 0, 26, 1, 0, 0, 
49, 0, 27, 1, 0, 0, 
49, 0, 28, 1, 0, 0, 
49, 0, 29, 1, 0, 0, 
49, 0, 30, 1, 0, 0, 
49, 0, 31, 1, 0, 0, 
49, 0, 32, 1, 0, 0, 
49, 0, 33, 1, 0, 0, 
49, 0, 34, 1, 0, 0, 
49, 0, 7, 1, 0, 0, 
23, 0, 48, 1, 56, 0};
int unit22_1[35][6]={
0, 0, 2, 0, 0, 0,
0, 0, 19, 1, 0, 0,
0, 0, 20, 1, 0, 0,
0, 0, 21, 1, 0, 0,
23, 1, 0, 0, 0, 0,
24, 1, 0, 0, 0, 0,
25, 1, 0, 0, 0, 0,
26, 1, 0, 0, 0, 0,
27, 1, 0, 0, 0, 0,
28, 1, 0, 0, 0, 0,
29, 1, 0, 0, 0, 0,
30, 1, 0, 0, 0, 0,
31, 1, 0, 0, 0, 0,
32, 1, 0, 0, 0, 0,
33, 1, 0, 0, 0, 0,
34, 1, 0, 0, 0, 0,
0, 0, 6, 1, 0, 0,
0, 0, 19, 0, 47, 0, 
7, 0, 35, 0, 0, 0, 
2, 1, 47, 0, 0, 0, 
21, 0, 48, 0, 0, 0, 
20, 0, 48, 0, 0, 0, 
25, 0, 50, 0, 0, 0, 
24, 0, 50, 0, 0, 0, 
27, 0, 51, 0, 0, 0, 
26, 0, 51, 0, 0, 0, 
29, 0, 52, 0, 0, 0, 
28, 0, 52, 0, 0, 0, 
31, 0, 53, 0, 0, 0, 
30, 0, 53, 0, 0, 0, 
33, 0, 54, 0, 0, 0, 
1, 1, 3, 0, 0, 0, 
32, 0, 54, 0, 0, 0, 
4, 0, 5, 0, 0, 0, 
47, 1, 55, 0, 0, 0};
int unit23_0[18][6]={
49, 0, 22, 0, 0, 0,
49, 0, 2, 0, 0, 0, 
49, 0, 19, 1, 0, 0, 
49, 0, 20, 1, 0, 0, 
49, 0, 21, 1, 0, 0, 
49, 0, 24, 1, 0, 0, 
49, 0, 25, 1, 0, 0, 
49, 0, 26, 1, 0, 0, 
49, 0, 27, 1, 0, 0, 
49, 0, 28, 1, 0, 0, 
49, 0, 29, 1, 0, 0, 
49, 0, 30, 1, 0, 0, 
49, 0, 31, 1, 0, 0, 
49, 0, 32, 1, 0, 0, 
49, 0, 33, 1, 0, 0, 
49, 0, 34, 1, 0, 0, 
49, 0, 6, 1, 0, 0, 
22, 0, 48, 1, 56, 0};
int unit23_1[35][6]={
0, 0, 2, 0, 0, 0,
0, 0, 19, 1, 0, 0,
0, 0, 20, 1, 0, 0,
0, 0, 21, 1, 0, 0,
0, 0, 22, 1, 0, 0,
24, 1, 0, 0, 0, 0,
25, 1, 0, 0, 0, 0,
26, 1, 0, 0, 0, 0,
27, 1, 0, 0, 0, 0,
28, 1, 0, 0, 0, 0,
29, 1, 0, 0, 0, 0,
30, 1, 0, 0, 0, 0,
31, 1, 0, 0, 0, 0,
32, 1, 0, 0, 0, 0,
33, 1, 0, 0, 0, 0,
34, 1, 0, 0, 0, 0,
0, 0, 7, 1, 0, 0,
0, 0, 19, 0, 47, 0, 
6, 0, 35, 0, 0, 0, 
2, 1, 47, 0, 0, 0, 
21, 0, 48, 0, 0, 0, 
20, 0, 48, 0, 0, 0, 
25, 0, 50, 0, 0, 0, 
24, 0, 50, 0, 0, 0, 
27, 0, 51, 0, 0, 0, 
26, 0, 51, 0, 0, 0, 
29, 0, 52, 0, 0, 0, 
28, 0, 52, 0, 0, 0, 
31, 0, 53, 0, 0, 0, 
30, 0, 53, 0, 0, 0, 
33, 0, 54, 0, 0, 0, 
1, 1, 3, 0, 0, 0, 
32, 0, 54, 0, 0, 0, 
4, 0, 5, 0, 0, 0, 
47, 1, 55, 0, 0, 0};
int unit24_0[18][6]={
25, 0, 50, 0, 0, 0,
50, 0, 2, 0, 0, 0, 
50, 0, 19, 1, 0, 0, 
50, 0, 20, 1, 0, 0, 
50, 0, 21, 1, 0, 0, 
50, 0, 22, 1, 0, 0, 
50, 0, 23, 1, 0, 0, 
50, 0, 26, 1, 0, 0, 
50, 0, 27, 1, 0, 0, 
50, 0, 28, 1, 0, 0, 
50, 0, 29, 1, 0, 0, 
50, 0, 30, 1, 0, 0, 
50, 0, 31, 1, 0, 0, 
50, 0, 32, 1, 0, 0, 
50, 0, 33, 1, 0, 0, 
50, 0, 34, 1, 0, 0, 
50, 0, 9, 1, 0, 0, 
25, 0, 51, 1, 57, 0};
int unit24_1[35][6]={
0, 0, 2, 0, 0, 0,
0, 0, 19, 1, 0, 0,
0, 0, 20, 1, 0, 0,
0, 0, 21, 1, 0, 0,
0, 0, 22, 1, 0, 0,
0, 0, 23, 1, 0, 0,
25, 1, 0, 0, 0, 0,
26, 1, 0, 0, 0, 0,
27, 1, 0, 0, 0, 0,
28, 1, 0, 0, 0, 0,
29, 1, 0, 0, 0, 0,
30, 1, 0, 0, 0, 0,
31, 1, 0, 0, 0, 0,
32, 1, 0, 0, 0, 0,
33, 1, 0, 0, 0, 0,
34, 1, 0, 0, 0, 0,
0, 0, 8, 1, 0, 0,
0, 0, 19, 0, 47, 0, 
9, 0, 36, 0, 0, 0, 
2, 1, 47, 0, 0, 0, 
21, 0, 48, 0, 0, 0, 
20, 0, 48, 0, 0, 0, 
23, 0, 49, 0, 0, 0, 
22, 0, 49, 0, 0, 0, 
27, 0, 51, 0, 0, 0, 
26, 0, 51, 0, 0, 0, 
29, 0, 52, 0, 0, 0, 
28, 0, 52, 0, 0, 0, 
31, 0, 53, 0, 0, 0, 
30, 0, 53, 0, 0, 0, 
33, 0, 54, 0, 0, 0, 
1, 1, 3, 0, 0, 0, 
32, 0, 54, 0, 0, 0, 
4, 0, 5, 0, 0, 0, 
47, 1, 55, 0, 0, 0};
int unit25_0[18][6]={
50, 0, 24, 0, 0, 0,
50, 0, 2, 0, 0, 0, 
50, 0, 19, 1, 0, 0, 
50, 0, 20, 1, 0, 0, 
50, 0, 21, 1, 0, 0, 
50, 0, 22, 1, 0, 0, 
50, 0, 23, 1, 0, 0, 
50, 0, 26, 1, 0, 0, 
50, 0, 27, 1, 0, 0, 
50, 0, 28, 1, 0, 0, 
50, 0, 29, 1, 0, 0, 
50, 0, 30, 1, 0, 0, 
50, 0, 31, 1, 0, 0, 
50, 0, 32, 1, 0, 0, 
50, 0, 33, 1, 0, 0, 
50, 0, 34, 1, 0, 0, 
50, 0, 8, 1, 0, 0, 
24, 0, 51, 1, 57, 0};
int unit25_1[35][6]={
0, 0, 2, 0, 0, 0,
0, 0, 19, 1, 0, 0,
0, 0, 20, 1, 0, 0,
0, 0, 21, 1, 0, 0,
0, 0, 22, 1, 0, 0,
0, 0, 23, 1, 0, 0,
0, 0, 24, 1, 0, 0,
26, 1, 0, 0, 0, 0,
27, 1, 0, 0, 0, 0,
28, 1, 0, 0, 0, 0,
29, 1, 0, 0, 0, 0,
30, 1, 0, 0, 0, 0,
31, 1, 0, 0, 0, 0,
32, 1, 0, 0, 0, 0,
33, 1, 0, 0, 0, 0,
34, 1, 0, 0, 0, 0,
0, 0, 9, 1, 0, 0,
0, 0, 19, 0, 47, 0, 
8, 0, 36, 0, 0, 0, 
2, 1, 47, 0, 0, 0, 
21, 0, 48, 0, 0, 0, 
20, 0, 48, 0, 0, 0, 
23, 0, 49, 0, 0, 0, 
22, 0, 49, 0, 0, 0, 
27, 0, 51, 0, 0, 0, 
26, 0, 51, 0, 0, 0, 
29, 0, 52, 0, 0, 0, 
28, 0, 52, 0, 0, 0, 
31, 0, 53, 0, 0, 0, 
30, 0, 53, 0, 0, 0, 
33, 0, 54, 0, 0, 0, 
1, 1, 3, 0, 0, 0, 
32, 0, 54, 0, 0, 0, 
4, 0, 5, 0, 0, 0, 
47, 1, 55, 0, 0, 0};
int unit26_0[18][6]={
27, 0, 51, 0, 0, 0,
51, 0, 2, 0, 0, 0, 
51, 0, 19, 1, 0, 0, 
51, 0, 20, 1, 0, 0, 
51, 0, 21, 1, 0, 0, 
51, 0, 22, 1, 0, 0, 
51, 0, 23, 1, 0, 0, 
51, 0, 24, 1, 0, 0, 
51, 0, 25, 1, 0, 0, 
51, 0, 28, 1, 0, 0, 
51, 0, 29, 1, 0, 0, 
51, 0, 30, 1, 0, 0, 
51, 0, 31, 1, 0, 0, 
51, 0, 32, 1, 0, 0, 
51, 0, 33, 1, 0, 0, 
51, 0, 34, 1, 0, 0, 
51, 0, 11, 1, 0, 0, 
27, 0, 50, 1, 57, 0};
int unit26_1[35][6]={
0, 0, 2, 0, 0, 0,
0, 0, 19, 1, 0, 0,
0, 0, 20, 1, 0, 0,
0, 0, 21, 1, 0, 0,
0, 0, 22, 1, 0, 0,
0, 0, 23, 1, 0, 0,
0, 0, 24, 1, 0, 0,
0, 0, 25, 1, 0, 0,
27, 1, 0, 0, 0, 0,
28, 1, 0, 0, 0, 0,
29, 1, 0, 0, 0, 0,
30, 1, 0, 0, 0, 0,
31, 1, 0, 0, 0, 0,
32, 1, 0, 0, 0, 0,
33, 1, 0, 0, 0, 0,
34, 1, 0, 0, 0, 0,
0, 0, 10, 1, 0, 0,
0, 0, 19, 0, 47, 0, 
11, 0, 37, 0, 0, 0, 
2, 1, 47, 0, 0, 0, 
21, 0, 48, 0, 0, 0, 
20, 0, 48, 0, 0, 0, 
23, 0, 49, 0, 0, 0, 
22, 0, 49, 0, 0, 0, 
25, 0, 50, 0, 0, 0, 
24, 0, 50, 0, 0, 0, 
29, 0, 52, 0, 0, 0, 
28, 0, 52, 0, 0, 0, 
31, 0, 53, 0, 0, 0, 
30, 0, 53, 0, 0, 0, 
33, 0, 54, 0, 0, 0, 
1, 1, 3, 0, 0, 0, 
32, 0, 54, 0, 0, 0, 
4, 0, 5, 0, 0, 0, 
47, 1, 55, 0, 0, 0};
int unit27_0[18][6]={
51, 0, 26, 0, 0, 0,
51, 0, 2, 0, 0, 0, 
51, 0, 19, 1, 0, 0, 
51, 0, 20, 1, 0, 0, 
51, 0, 21, 1, 0, 0, 
51, 0, 22, 1, 0, 0, 
51, 0, 23, 1, 0, 0, 
51, 0, 24, 1, 0, 0, 
51, 0, 25, 1, 0, 0, 
51, 0, 28, 1, 0, 0, 
51, 0, 29, 1, 0, 0, 
51, 0, 30, 1, 0, 0, 
51, 0, 31, 1, 0, 0, 
51, 0, 32, 1, 0, 0, 
51, 0, 33, 1, 0, 0, 
51, 0, 34, 1, 0, 0, 
51, 0, 10, 1, 0, 0, 
26, 0, 50, 1, 57, 0};
int unit27_1[35][6]={
0, 0, 2, 0, 0, 0,
0, 0, 19, 1, 0, 0,
0, 0, 20, 1, 0, 0,
0, 0, 21, 1, 0, 0,
0, 0, 22, 1, 0, 0,
0, 0, 23, 1, 0, 0,
0, 0, 24, 1, 0, 0,
0, 0, 25, 1, 0, 0,
0, 0, 26, 1, 0, 0,
28, 1, 0, 0, 0, 0,
29, 1, 0, 0, 0, 0,
30, 1, 0, 0, 0, 0,
31, 1, 0, 0, 0, 0,
32, 1, 0, 0, 0, 0,
33, 1, 0, 0, 0, 0,
34, 1, 0, 0, 0, 0,
0, 0, 11, 1, 0, 0,
0, 0, 19, 0, 47, 0, 
10, 0, 37, 0, 0, 0, 
2, 1, 47, 0, 0, 0, 
21, 0, 48, 0, 0, 0, 
20, 0, 48, 0, 0, 0, 
23, 0, 49, 0, 0, 0, 
22, 0, 49, 0, 0, 0, 
25, 0, 50, 0, 0, 0, 
24, 0, 50, 0, 0, 0, 
29, 0, 52, 0, 0, 0, 
28, 0, 52, 0, 0, 0, 
31, 0, 53, 0, 0, 0, 
30, 0, 53, 0, 0, 0, 
33, 0, 54, 0, 0, 0, 
1, 1, 3, 0, 0, 0, 
32, 0, 54, 0, 0, 0, 
4, 0, 5, 0, 0, 0, 
47, 1, 55, 0, 0, 0};
int unit28_0[18][6]={
29, 0, 52, 0, 0, 0,
52, 0, 2, 0, 0, 0, 
52, 0, 19, 1, 0, 0, 
52, 0, 20, 1, 0, 0, 
52, 0, 21, 1, 0, 0, 
52, 0, 22, 1, 0, 0, 
52, 0, 23, 1, 0, 0, 
52, 0, 24, 1, 0, 0, 
52, 0, 25, 1, 0, 0, 
52, 0, 26, 1, 0, 0, 
52, 0, 27, 1, 0, 0, 
52, 0, 30, 1, 0, 0, 
52, 0, 31, 1, 0, 0, 
52, 0, 32, 1, 0, 0, 
52, 0, 33, 1, 0, 0, 
52, 0, 34, 1, 0, 0, 
52, 0, 13, 1, 0, 0, 
29, 0, 53, 1, 58, 0};
int unit28_1[35][6]={
0, 0, 2, 0, 0, 0,
0, 0, 19, 1, 0, 0,
0, 0, 20, 1, 0, 0,
0, 0, 21, 1, 0, 0,
0, 0, 22, 1, 0, 0,
0, 0, 23, 1, 0, 0,
0, 0, 24, 1, 0, 0,
0, 0, 25, 1, 0, 0,
0, 0, 26, 1, 0, 0,
0, 0, 27, 1, 0, 0,
29, 1, 0, 0, 0, 0,
30, 1, 0, 0, 0, 0,
31, 1, 0, 0, 0, 0,
32, 1, 0, 0, 0, 0,
33, 1, 0, 0, 0, 0,
34, 1, 0, 0, 0, 0,
0, 0, 12, 1, 0, 0,
0, 0, 19, 0, 47, 0, 
13, 0, 38, 0, 0, 0, 
2, 1, 47, 0, 0, 0, 
21, 0, 48, 0, 0, 0, 
20, 0, 48, 0, 0, 0, 
23, 0, 49, 0, 0, 0, 
22, 0, 49, 0, 0, 0, 
25, 0, 50, 0, 0, 0, 
24, 0, 50, 0, 0, 0, 
27, 0, 51, 0, 0, 0, 
26, 0, 51, 0, 0, 0, 
31, 0, 53, 0, 0, 0, 
30, 0, 53, 0, 0, 0, 
33, 0, 54, 0, 0, 0, 
1, 1, 3, 0, 0, 0, 
32, 0, 54, 0, 0, 0, 
4, 0, 5, 0, 0, 0, 
47, 1, 55, 0, 0, 0};
int unit29_0[18][6]={
52, 0, 28, 0, 0, 0,
52, 0, 2, 0, 0, 0, 
52, 0, 19, 1, 0, 0, 
52, 0, 20, 1, 0, 0, 
52, 0, 21, 1, 0, 0, 
52, 0, 22, 1, 0, 0, 
52, 0, 23, 1, 0, 0, 
52, 0, 24, 1, 0, 0, 
52, 0, 25, 1, 0, 0, 
52, 0, 26, 1, 0, 0, 
52, 0, 27, 1, 0, 0, 
52, 0, 30, 1, 0, 0, 
52, 0, 31, 1, 0, 0, 
52, 0, 32, 1, 0, 0, 
52, 0, 33, 1, 0, 0, 
52, 0, 34, 1, 0, 0, 
52, 0, 12, 1, 0, 0, 
28, 0, 53, 1, 58, 0};
int unit29_1[35][6]={
0, 0, 2, 0, 0, 0,
0, 0, 19, 1, 0, 0,
0, 0, 20, 1, 0, 0,
0, 0, 21, 1, 0, 0,
0, 0, 22, 1, 0, 0,
0, 0, 23, 1, 0, 0,
0, 0, 24, 1, 0, 0,
0, 0, 25, 1, 0, 0,
0, 0, 26, 1, 0, 0,
0, 0, 27, 1, 0, 0,
0, 0, 28, 1, 0, 0,
30, 1, 0, 0, 0, 0,
31, 1, 0, 0, 0, 0,
32, 1, 0, 0, 0, 0,
33, 1, 0, 0, 0, 0,
34, 1, 0, 0, 0, 0,
0, 0, 13, 1, 0, 0,
0, 0, 19, 0, 47, 0, 
12, 0, 38, 0, 0, 0, 
2, 1, 47, 0, 0, 0, 
21, 0, 48, 0, 0, 0, 
20, 0, 48, 0, 0, 0, 
23, 0, 49, 0, 0, 0, 
22, 0, 49, 0, 0, 0, 
25, 0, 50, 0, 0, 0, 
24, 0, 50, 0, 0, 0, 
27, 0, 51, 0, 0, 0, 
26, 0, 51, 0, 0, 0, 
31, 0, 53, 0, 0, 0, 
30, 0, 53, 0, 0, 0, 
33, 0, 54, 0, 0, 0, 
1, 1, 3, 0, 0, 0, 
32, 0, 54, 0, 0, 0, 
4, 0, 5, 0, 0, 0, 
47, 1, 55, 0, 0, 0};
int unit30_0[18][6]={
31, 0, 53, 0, 0, 0,
53, 0, 2, 0, 0, 0, 
53, 0, 19, 1, 0, 0, 
53, 0, 20, 1, 0, 0, 
53, 0, 21, 1, 0, 0, 
53, 0, 22, 1, 0, 0, 
53, 0, 23, 1, 0, 0, 
53, 0, 24, 1, 0, 0, 
53, 0, 25, 1, 0, 0, 
53, 0, 26, 1, 0, 0, 
53, 0, 27, 1, 0, 0, 
53, 0, 28, 1, 0, 0, 
53, 0, 29, 1, 0, 0, 
53, 0, 32, 1, 0, 0, 
53, 0, 33, 1, 0, 0, 
53, 0, 34, 1, 0, 0, 
53, 0, 15, 1, 0, 0, 
31, 0, 52, 1, 58, 0};
int unit30_1[35][6]={
0, 0, 2, 0, 0, 0,
0, 0, 19, 1, 0, 0,
0, 0, 20, 1, 0, 0,
0, 0, 21, 1, 0, 0,
0, 0, 22, 1, 0, 0,
0, 0, 23, 1, 0, 0,
0, 0, 24, 1, 0, 0,
0, 0, 25, 1, 0, 0,
0, 0, 26, 1, 0, 0,
0, 0, 27, 1, 0, 0,
0, 0, 28, 1, 0, 0,
0, 0, 29, 1, 0, 0,
31, 1, 0, 0, 0, 0,
32, 1, 0, 0, 0, 0,
33, 1, 0, 0, 0, 0,
34, 1, 0, 0, 0, 0,
0, 0, 14, 1, 0, 0,
0, 0, 19, 0, 47, 0, 
15, 0, 39, 0, 0, 0, 
2, 1, 47, 0, 0, 0, 
21, 0, 48, 0, 0, 0, 
20, 0, 48, 0, 0, 0, 
23, 0, 49, 0, 0, 0, 
22, 0, 49, 0, 0, 0, 
25, 0, 50, 0, 0, 0, 
24, 0, 50, 0, 0, 0, 
27, 0, 51, 0, 0, 0, 
26, 0, 51, 0, 0, 0, 
29, 0, 52, 0, 0, 0, 
28, 0, 52, 0, 0, 0, 
33, 0, 54, 0, 0, 0, 
1, 1, 3, 0, 0, 0, 
32, 0, 54, 0, 0, 0, 
4, 0, 5, 0, 0, 0, 
47, 1, 55, 0, 0, 0};
int unit31_0[18][6]={
53, 0, 30, 0, 0, 0,
53, 0, 2, 0, 0, 0, 
53, 0, 19, 1, 0, 0, 
53, 0, 20, 1, 0, 0, 
53, 0, 21, 1, 0, 0, 
53, 0, 22, 1, 0, 0, 
53, 0, 23, 1, 0, 0, 
53, 0, 24, 1, 0, 0, 
53, 0, 25, 1, 0, 0, 
53, 0, 26, 1, 0, 0, 
53, 0, 27, 1, 0, 0, 
53, 0, 28, 1, 0, 0, 
53, 0, 29, 1, 0, 0, 
53, 0, 32, 1, 0, 0, 
53, 0, 33, 1, 0, 0, 
53, 0, 34, 1, 0, 0, 
53, 0, 14, 1, 0, 0, 
30, 0, 52, 1, 58, 0};
int unit31_1[35][6]={
0, 0, 2, 0, 0, 0,
0, 0, 19, 1, 0, 0,
0, 0, 20, 1, 0, 0,
0, 0, 21, 1, 0, 0,
0, 0, 22, 1, 0, 0,
0, 0, 23, 1, 0, 0,
0, 0, 24, 1, 0, 0,
0, 0, 25, 1, 0, 0,
0, 0, 26, 1, 0, 0,
0, 0, 27, 1, 0, 0,
0, 0, 28, 1, 0, 0,
0, 0, 29, 1, 0, 0,
0, 0, 30, 1, 0, 0,
32, 1, 0, 0, 0, 0,
33, 1, 0, 0, 0, 0,
34, 1, 0, 0, 0, 0,
0, 0, 15, 1, 0, 0,
0, 0, 19, 0, 47, 0, 
14, 0, 39, 0, 0, 0, 
2, 1, 47, 0, 0, 0, 
21, 0, 48, 0, 0, 0, 
20, 0, 48, 0, 0, 0, 
23, 0, 49, 0, 0, 0, 
22, 0, 49, 0, 0, 0, 
25, 0, 50, 0, 0, 0, 
24, 0, 50, 0, 0, 0, 
27, 0, 51, 0, 0, 0, 
26, 0, 51, 0, 0, 0, 
29, 0, 52, 0, 0, 0, 
28, 0, 52, 0, 0, 0, 
33, 0, 54, 0, 0, 0, 
1, 1, 3, 0, 0, 0, 
32, 0, 54, 0, 0, 0, 
4, 0, 5, 0, 0, 0, 
47, 1, 55, 0, 0, 0};
int unit32_0[19][6]={
33, 0, 54, 0, 0, 0,
54, 0, 2, 0, 0, 0, 
54, 0, 18, 0, 41, 0, 
54, 0, 19, 1, 0, 0, 
54, 0, 20, 1, 0, 0, 
54, 0, 21, 1, 0, 0, 
54, 0, 22, 1, 0, 0, 
54, 0, 23, 1, 0, 0, 
54, 0, 24, 1, 0, 0, 
54, 0, 25, 1, 0, 0, 
54, 0, 26, 1, 0, 0, 
54, 0, 27, 1, 0, 0, 
54, 0, 28, 1, 0, 0, 
54, 0, 29, 1, 0, 0, 
54, 0, 30, 1, 0, 0, 
54, 0, 31, 1, 0, 0, 
54, 0, 34, 1, 0, 0, 
54, 0, 17, 1, 0, 0, 
33, 0, 55, 1, 59, 0};
int unit32_1[35][6]={
0, 0, 2, 0, 0, 0,
0, 0, 19, 1, 0, 0,
0, 0, 20, 1, 0, 0,
0, 0, 21, 1, 0, 0,
0, 0, 22, 1, 0, 0,
0, 0, 23, 1, 0, 0,
0, 0, 24, 1, 0, 0,
0, 0, 25, 1, 0, 0,
0, 0, 26, 1, 0, 0,
0, 0, 27, 1, 0, 0,
0, 0, 28, 1, 0, 0,
0, 0, 29, 1, 0, 0,
0, 0, 30, 1, 0, 0,
0, 0, 31, 1, 0, 0,
33, 1, 0, 0, 0, 0,
34, 1, 0, 0, 0, 0,
0, 0, 16, 1, 0, 0,
0, 0, 19, 0, 47, 0, 
17, 0, 40, 0, 0, 0, 
2, 1, 47, 0, 0, 0, 
21, 0, 48, 0, 0, 0, 
20, 0, 48, 0, 0, 0, 
23, 0, 49, 0, 0, 0, 
22, 0, 49, 0, 0, 0, 
25, 0, 50, 0, 0, 0, 
24, 0, 50, 0, 0, 0, 
27, 0, 51, 0, 0, 0, 
26, 0, 51, 0, 0, 0, 
29, 0, 52, 0, 0, 0, 
28, 0, 52, 0, 0, 0, 
31, 0, 53, 0, 0, 0, 
30, 0, 53, 0, 0, 0, 
1, 1, 3, 0, 0, 0, 
4, 0, 5, 0, 0, 0, 
47, 1, 55, 0, 0, 0};
int unit33_0[50][6]={
3, 0, 1, 1, 0, 0,
54, 0, 32, 0, 0, 0,
4, 1, 0, 0, 3, 0, 
5, 1, 0, 0, 3, 0, 
6, 1, 0, 0, 3, 0, 
7, 1, 0, 0, 3, 0, 
8, 1, 0, 0, 3, 0, 
9, 1, 0, 0, 3, 0, 
10, 1, 0, 0, 3, 0, 
11, 1, 0, 0, 3, 0, 
12, 1, 0, 0, 3, 0, 
13, 1, 0, 0, 3, 0, 
14, 1, 0, 0, 3, 0, 
15, 1, 0, 0, 3, 0, 
16, 1, 0, 0, 3, 0, 
17, 1, 0, 0, 3, 0, 
18, 1, 0, 0, 3, 0, 
1, 1, 4, 1, 0, 0, 
1, 1, 5, 1, 0, 0, 
1, 1, 6, 1, 0, 0, 
1, 1, 7, 1, 0, 0, 
1, 1, 8, 1, 0, 0, 
1, 1, 9, 1, 0, 0, 
1, 1, 10, 1, 0, 0, 
1, 1, 11, 1, 0, 0, 
1, 1, 12, 1, 0, 0, 
1, 1, 13, 1, 0, 0, 
1, 1, 14, 1, 0, 0, 
1, 1, 15, 1, 0, 0, 
1, 1, 16, 1, 0, 0, 
1, 1, 17, 1, 0, 0, 
1, 1, 18, 1, 0, 0, 
1, 1, 19, 1, 0, 0, 
54, 0, 2, 0, 0, 0, 
54, 0, 19, 1, 0, 0, 
54, 0, 20, 1, 0, 0, 
54, 0, 21, 1, 0, 0, 
54, 0, 22, 1, 0, 0, 
54, 0, 23, 1, 0, 0, 
54, 0, 24, 1, 0, 0, 
54, 0, 25, 1, 0, 0, 
54, 0, 26, 1, 0, 0, 
54, 0, 27, 1, 0, 0, 
54, 0, 28, 1, 0, 0, 
54, 0, 29, 1, 0, 0, 
54, 0, 30, 1, 0, 0, 
54, 0, 31, 1, 0, 0, 
54, 0, 34, 1, 0, 0, 
54, 0, 16, 1, 0, 0, 
32, 0, 55, 1, 59, 0};
int unit33_1[53][6]={
0, 0, 2, 0, 0, 0,
41, 0, 18, 0, 0, 0,
0, 0, 19, 1, 0, 0,
0, 0, 20, 1, 0, 0,
0, 0, 21, 1, 0, 0,
0, 0, 22, 1, 0, 0,
0, 0, 23, 1, 0, 0,
0, 0, 24, 1, 0, 0,
0, 0, 25, 1, 0, 0,
0, 0, 26, 1, 0, 0,
0, 0, 27, 1, 0, 0,
0, 0, 28, 1, 0, 0,
0, 0, 29, 1, 0, 0,
0, 0, 30, 1, 0, 0,
0, 0, 31, 1, 0, 0,
0, 0, 32, 1, 0, 0,
34, 1, 0, 0, 0, 0,
0, 0, 17, 1, 0, 0,
0, 0, 19, 0, 47, 0, 
16, 0, 40, 0, 0, 0, 
41, 0, 1, 0, 0, 0, 
41, 0, 3, 1, 0, 0, 
41, 0, 4, 1, 0, 0, 
41, 0, 5, 1, 0, 0, 
41, 0, 6, 1, 0, 0, 
41, 0, 7, 1, 0, 0, 
41, 0, 8, 1, 0, 0, 
41, 0, 9, 1, 0, 0, 
41, 0, 10, 1, 0, 0, 
41, 0, 11, 1, 0, 0, 
41, 0, 12, 1, 0, 0, 
41, 0, 13, 1, 0, 0, 
41, 0, 14, 1, 0, 0, 
41, 0, 15, 1, 0, 0, 
41, 0, 16, 1, 0, 0, 
41, 0, 17, 1, 0, 0, 
41, 0, 34, 1, 0, 0, 
2, 1, 47, 0, 0, 0, 
21, 0, 48, 0, 0, 0, 
20, 0, 48, 0, 0, 0, 
23, 0, 49, 0, 0, 0, 
22, 0, 49, 0, 0, 0, 
25, 0, 50, 0, 0, 0, 
24, 0, 50, 0, 0, 0, 
27, 0, 51, 0, 0, 0, 
26, 0, 51, 0, 0, 0, 
29, 0, 52, 0, 0, 0, 
28, 0, 52, 0, 0, 0, 
31, 0, 53, 0, 0, 0, 
30, 0, 53, 0, 0, 0, 
4, 0, 5, 0, 0, 0, 
47, 1, 55, 0, 0, 0, 
18, 0, 40, 1, 45, 0};
int unit34_0[36][6]={
5, 0, 4, 0, 0, 0,
47, 1, 55, 0, 0, 0,
5, 0, 1, 0, 0, 0, 
5, 0, 3, 1, 0, 0, 
5, 0, 6, 1, 0, 0, 
5, 0, 7, 1, 0, 0, 
5, 0, 8, 1, 0, 0, 
5, 0, 9, 1, 0, 0, 
5, 0, 10, 1, 0, 0, 
5, 0, 11, 1, 0, 0, 
5, 0, 12, 1, 0, 0, 
5, 0, 13, 1, 0, 0, 
5, 0, 14, 1, 0, 0, 
5, 0, 15, 1, 0, 0, 
5, 0, 16, 1, 0, 0, 
5, 0, 17, 1, 0, 0, 
5, 0, 18, 1, 0, 0, 
5, 0, 20, 1, 0, 0, 
4, 0, 1, 0, 0, 0, 
4, 0, 3, 1, 0, 0, 
4, 0, 6, 1, 0, 0, 
4, 0, 7, 1, 0, 0, 
4, 0, 8, 1, 0, 0, 
4, 0, 9, 1, 0, 0, 
4, 0, 10, 1, 0, 0, 
4, 0, 11, 1, 0, 0, 
4, 0, 12, 1, 0, 0, 
4, 0, 13, 1, 0, 0, 
4, 0, 14, 1, 0, 0, 
4, 0, 15, 1, 0, 0, 
4, 0, 16, 1, 0, 0, 
4, 0, 17, 1, 0, 0, 
4, 0, 18, 1, 0, 0, 
4, 0, 21, 1, 0, 0, 
2, 1, 19, 0, 55, 0, 
47, 1, 54, 1, 59, 0};
int unit34_1[38][6]={
0, 0, 2, 0, 0, 0,
35, 1, 42, 0, 0, 0,
0, 0, 19, 1, 0, 0,
0, 0, 20, 1, 0, 0,
0, 0, 21, 1, 0, 0,
0, 0, 22, 1, 0, 0,
0, 0, 23, 1, 0, 0,
0, 0, 24, 1, 0, 0,
0, 0, 25, 1, 0, 0,
0, 0, 26, 1, 0, 0,
0, 0, 27, 1, 0, 0,
0, 0, 28, 1, 0, 0,
0, 0, 29, 1, 0, 0,
0, 0, 30, 1, 0, 0,
0, 0, 31, 1, 0, 0,
0, 0, 32, 1, 0, 0,
0, 0, 33, 1, 0, 0,
0, 0, 18, 1, 0, 0,
0, 0, 19, 0, 47, 0, 
33, 1, 41, 0, 0, 0, 
2, 1, 47, 0, 0, 0, 
21, 0, 48, 0, 0, 0, 
20, 0, 48, 0, 0, 0, 
23, 0, 49, 0, 0, 0, 
22, 0, 49, 0, 0, 0, 
25, 0, 50, 0, 0, 0, 
24, 0, 50, 0, 0, 0, 
27, 0, 51, 0, 0, 0, 
26, 0, 51, 0, 0, 0, 
29, 0, 52, 0, 0, 0, 
28, 0, 52, 0, 0, 0, 
31, 0, 53, 0, 0, 0, 
30, 0, 53, 0, 0, 0, 
33, 0, 54, 0, 0, 0, 
1, 1, 3, 0, 0, 0, 
32, 0, 54, 0, 0, 0, 
6, 0, 7, 0, 42, 0, 
35, 1, 43, 1, 46, 0};
int unit35_0[33][6]={
7, 0, 6, 0, 0, 0,
7, 0, 1, 0, 0, 0, 
7, 0, 3, 1, 0, 0, 
7, 0, 4, 1, 0, 0, 
7, 0, 5, 1, 0, 0, 
7, 0, 8, 1, 0, 0, 
7, 0, 9, 1, 0, 0, 
7, 0, 10, 1, 0, 0, 
7, 0, 11, 1, 0, 0, 
7, 0, 12, 1, 0, 0, 
7, 0, 13, 1, 0, 0, 
7, 0, 14, 1, 0, 0, 
7, 0, 15, 1, 0, 0, 
7, 0, 16, 1, 0, 0, 
7, 0, 17, 1, 0, 0, 
7, 0, 18, 1, 0, 0, 
7, 0, 22, 1, 0, 0, 
6, 0, 1, 0, 0, 0, 
6, 0, 3, 1, 0, 0, 
6, 0, 4, 1, 0, 0, 
6, 0, 5, 1, 0, 0, 
6, 0, 8, 1, 0, 0, 
6, 0, 9, 1, 0, 0, 
6, 0, 10, 1, 0, 0, 
6, 0, 11, 1, 0, 0, 
6, 0, 12, 1, 0, 0, 
6, 0, 13, 1, 0, 0, 
6, 0, 14, 1, 0, 0, 
6, 0, 15, 1, 0, 0, 
6, 0, 16, 1, 0, 0, 
6, 0, 17, 1, 0, 0, 
6, 0, 18, 1, 0, 0, 
6, 0, 23, 1, 0, 0};
int unit35_1[4][6]={
42, 0, 34, 1, 0, 0,
4, 0, 5, 0, 42, 0, 
47, 1, 55, 0, 42, 0, 
34, 1, 43, 1, 46, 0};
int unit36_0[33][6]={
9, 0, 8, 0, 0, 0,
9, 0, 1, 0, 0, 0, 
9, 0, 3, 1, 0, 0, 
9, 0, 4, 1, 0, 0, 
9, 0, 5, 1, 0, 0, 
9, 0, 6, 1, 0, 0, 
9, 0, 7, 1, 0, 0, 
9, 0, 10, 1, 0, 0, 
9, 0, 11, 1, 0, 0, 
9, 0, 12, 1, 0, 0, 
9, 0, 13, 1, 0, 0, 
9, 0, 14, 1, 0, 0, 
9, 0, 15, 1, 0, 0, 
9, 0, 16, 1, 0, 0, 
9, 0, 17, 1, 0, 0, 
9, 0, 18, 1, 0, 0, 
9, 0, 24, 1, 0, 0, 
8, 0, 1, 0, 0, 0, 
8, 0, 3, 1, 0, 0, 
8, 0, 4, 1, 0, 0, 
8, 0, 5, 1, 0, 0, 
8, 0, 6, 1, 0, 0, 
8, 0, 7, 1, 0, 0, 
8, 0, 10, 1, 0, 0, 
8, 0, 11, 1, 0, 0, 
8, 0, 12, 1, 0, 0, 
8, 0, 13, 1, 0, 0, 
8, 0, 14, 1, 0, 0, 
8, 0, 15, 1, 0, 0, 
8, 0, 16, 1, 0, 0, 
8, 0, 17, 1, 0, 0, 
8, 0, 18, 1, 0, 0, 
8, 0, 25, 1, 0, 0};
int unit36_1[3][6]={
37, 1, 43, 0, 0, 0,
10, 0, 11, 0, 43, 0, 
37, 1, 42, 1, 46, 0};
int unit37_0[33][6]={
11, 0, 10, 0, 0, 0,
11, 0, 1, 0, 0, 0, 
11, 0, 3, 1, 0, 0, 
11, 0, 4, 1, 0, 0, 
11, 0, 5, 1, 0, 0, 
11, 0, 6, 1, 0, 0, 
11, 0, 7, 1, 0, 0, 
11, 0, 8, 1, 0, 0, 
11, 0, 9, 1, 0, 0, 
11, 0, 12, 1, 0, 0, 
11, 0, 13, 1, 0, 0, 
11, 0, 14, 1, 0, 0, 
11, 0, 15, 1, 0, 0, 
11, 0, 16, 1, 0, 0, 
11, 0, 17, 1, 0, 0, 
11, 0, 18, 1, 0, 0, 
11, 0, 26, 1, 0, 0, 
10, 0, 1, 0, 0, 0, 
10, 0, 3, 1, 0, 0, 
10, 0, 4, 1, 0, 0, 
10, 0, 5, 1, 0, 0, 
10, 0, 6, 1, 0, 0, 
10, 0, 7, 1, 0, 0, 
10, 0, 8, 1, 0, 0, 
10, 0, 9, 1, 0, 0, 
10, 0, 12, 1, 0, 0, 
10, 0, 13, 1, 0, 0, 
10, 0, 14, 1, 0, 0, 
10, 0, 15, 1, 0, 0, 
10, 0, 16, 1, 0, 0, 
10, 0, 17, 1, 0, 0, 
10, 0, 18, 1, 0, 0, 
10, 0, 27, 1, 0, 0};
int unit37_1[3][6]={
43, 0, 36, 1, 0, 0,
8, 0, 9, 0, 43, 0, 
36, 1, 42, 1, 46, 0};
int unit38_0[33][6]={
13, 0, 12, 0, 0, 0,
13, 0, 1, 0, 0, 0, 
13, 0, 3, 1, 0, 0, 
13, 0, 4, 1, 0, 0, 
13, 0, 5, 1, 0, 0, 
13, 0, 6, 1, 0, 0, 
13, 0, 7, 1, 0, 0, 
13, 0, 8, 1, 0, 0, 
13, 0, 9, 1, 0, 0, 
13, 0, 10, 1, 0, 0, 
13, 0, 11, 1, 0, 0, 
13, 0, 14, 1, 0, 0, 
13, 0, 15, 1, 0, 0, 
13, 0, 16, 1, 0, 0, 
13, 0, 17, 1, 0, 0, 
13, 0, 18, 1, 0, 0, 
13, 0, 28, 1, 0, 0, 
12, 0, 1, 0, 0, 0, 
12, 0, 3, 1, 0, 0, 
12, 0, 4, 1, 0, 0, 
12, 0, 5, 1, 0, 0, 
12, 0, 6, 1, 0, 0, 
12, 0, 7, 1, 0, 0, 
12, 0, 8, 1, 0, 0, 
12, 0, 9, 1, 0, 0, 
12, 0, 10, 1, 0, 0, 
12, 0, 11, 1, 0, 0, 
12, 0, 14, 1, 0, 0, 
12, 0, 15, 1, 0, 0, 
12, 0, 16, 1, 0, 0, 
12, 0, 17, 1, 0, 0, 
12, 0, 18, 1, 0, 0, 
12, 0, 29, 1, 0, 0};
int unit38_1[3][6]={
39, 1, 44, 0, 0, 0,
14, 0, 15, 0, 44, 0, 
39, 1, 45, 1, 46, 1};
int unit39_0[33][6]={
15, 0, 14, 0, 0, 0,
15, 0, 1, 0, 0, 0, 
15, 0, 3, 1, 0, 0, 
15, 0, 4, 1, 0, 0, 
15, 0, 5, 1, 0, 0, 
15, 0, 6, 1, 0, 0, 
15, 0, 7, 1, 0, 0, 
15, 0, 8, 1, 0, 0, 
15, 0, 9, 1, 0, 0, 
15, 0, 10, 1, 0, 0, 
15, 0, 11, 1, 0, 0, 
15, 0, 12, 1, 0, 0, 
15, 0, 13, 1, 0, 0, 
15, 0, 16, 1, 0, 0, 
15, 0, 17, 1, 0, 0, 
15, 0, 18, 1, 0, 0, 
15, 0, 30, 1, 0, 0, 
14, 0, 1, 0, 0, 0, 
14, 0, 3, 1, 0, 0, 
14, 0, 4, 1, 0, 0, 
14, 0, 5, 1, 0, 0, 
14, 0, 6, 1, 0, 0, 
14, 0, 7, 1, 0, 0, 
14, 0, 8, 1, 0, 0, 
14, 0, 9, 1, 0, 0, 
14, 0, 10, 1, 0, 0, 
14, 0, 11, 1, 0, 0, 
14, 0, 12, 1, 0, 0, 
14, 0, 13, 1, 0, 0, 
14, 0, 16, 1, 0, 0, 
14, 0, 17, 1, 0, 0, 
14, 0, 18, 1, 0, 0, 
14, 0, 31, 1, 0, 0};
int unit39_1[3][6]={
44, 0, 38, 1, 0, 0,
12, 0, 13, 0, 44, 0, 
38, 1, 45, 1, 46, 1};
int unit40_0[33][6]={
17, 0, 16, 0, 0, 0,
17, 0, 1, 0, 0, 0, 
17, 0, 3, 1, 0, 0, 
17, 0, 4, 1, 0, 0, 
17, 0, 5, 1, 0, 0, 
17, 0, 6, 1, 0, 0, 
17, 0, 7, 1, 0, 0, 
17, 0, 8, 1, 0, 0, 
17, 0, 9, 1, 0, 0, 
17, 0, 10, 1, 0, 0, 
17, 0, 11, 1, 0, 0, 
17, 0, 12, 1, 0, 0, 
17, 0, 13, 1, 0, 0, 
17, 0, 14, 1, 0, 0, 
17, 0, 15, 1, 0, 0, 
17, 0, 18, 1, 0, 0, 
17, 0, 32, 1, 0, 0, 
16, 0, 1, 0, 0, 0, 
16, 0, 3, 1, 0, 0, 
16, 0, 4, 1, 0, 0, 
16, 0, 5, 1, 0, 0, 
16, 0, 6, 1, 0, 0, 
16, 0, 7, 1, 0, 0, 
16, 0, 8, 1, 0, 0, 
16, 0, 9, 1, 0, 0, 
16, 0, 10, 1, 0, 0, 
16, 0, 11, 1, 0, 0, 
16, 0, 12, 1, 0, 0, 
16, 0, 13, 1, 0, 0, 
16, 0, 14, 1, 0, 0, 
16, 0, 15, 1, 0, 0, 
16, 0, 18, 1, 0, 0, 
16, 0, 33, 1, 0, 0};
int unit40_1[3][6]={
41, 1, 45, 0, 0, 0,
18, 0, 33, 1, 45, 0, 
41, 1, 44, 1, 46, 1};
int unit41_0[20][6]={
33, 1, 18, 0, 0, 0,
33, 1, 1, 0, 0, 0, 
33, 1, 3, 1, 0, 0, 
33, 1, 4, 1, 0, 0, 
33, 1, 5, 1, 0, 0, 
33, 1, 6, 1, 0, 0, 
33, 1, 7, 1, 0, 0, 
33, 1, 8, 1, 0, 0, 
33, 1, 9, 1, 0, 0, 
33, 1, 10, 1, 0, 0, 
33, 1, 11, 1, 0, 0, 
33, 1, 12, 1, 0, 0, 
33, 1, 13, 1, 0, 0, 
33, 1, 14, 1, 0, 0, 
33, 1, 15, 1, 0, 0, 
33, 1, 16, 1, 0, 0, 
33, 1, 17, 1, 0, 0, 
33, 1, 34, 1, 0, 0, 
1, 1, 3, 0, 18, 0, 
32, 0, 54, 0, 18, 0};
int unit41_1[3][6]={
45, 0, 40, 1, 0, 0,
16, 0, 17, 0, 45, 0, 
40, 1, 44, 1, 46, 1};
int unit42_0[4][6]={
35, 1, 34, 1, 0, 0,
4, 0, 5, 0, 35, 1, 
47, 1, 55, 0, 35, 1, 
6, 0, 7, 0, 34, 1};
int unit42_1[3][6]={
43, 1, 46, 0, 0, 0,
36, 1, 37, 1, 46, 0, 
43, 1, 44, 1, 45, 1};
int unit43_0[3][6]={
37, 1, 36, 1, 0, 0,
8, 0, 9, 0, 37, 1, 
10, 0, 11, 0, 36, 1};
int unit43_1[3][6]={
46, 0, 42, 1, 0, 0,
34, 1, 35, 1, 46, 0, 
42, 1, 44, 1, 45, 1};
int unit44_0[3][6]={
39, 1, 38, 1, 0, 0,
12, 0, 13, 0, 39, 1, 
14, 0, 15, 0, 38, 1};
int unit44_1[3][6]={
45, 1, 46, 1, 0, 0,
40, 1, 41, 1, 46, 1, 
42, 1, 43, 1, 45, 1};
int unit45_0[3][6]={
41, 1, 40, 1, 0, 0,
16, 0, 17, 0, 41, 1, 
18, 0, 33, 1, 40, 1};
int unit45_1[3][6]={
46, 1, 44, 1, 0, 0,
38, 1, 39, 1, 46, 1, 
42, 1, 43, 1, 44, 1};
int unit46_0[3][6]={
43, 1, 42, 1, 0, 0,
34, 1, 35, 1, 43, 1, 
36, 1, 37, 1, 42, 1};
int unit46_1[3][6]={
45, 1, 44, 1, 0, 0,
38, 1, 39, 1, 45, 1, 
40, 1, 41, 1, 44, 1};
int unit47_0[32][6]={
19, 0, 2, 1, 0, 0,
20, 1, 0, 0, 19, 0, 
21, 1, 0, 0, 19, 0, 
22, 1, 0, 0, 19, 0, 
23, 1, 0, 0, 19, 0, 
24, 1, 0, 0, 19, 0, 
25, 1, 0, 0, 19, 0, 
26, 1, 0, 0, 19, 0, 
27, 1, 0, 0, 19, 0, 
28, 1, 0, 0, 19, 0, 
29, 1, 0, 0, 19, 0, 
30, 1, 0, 0, 19, 0, 
31, 1, 0, 0, 19, 0, 
32, 1, 0, 0, 19, 0, 
33, 1, 0, 0, 19, 0, 
34, 1, 0, 0, 19, 0, 
2, 1, 20, 1, 0, 0, 
2, 1, 21, 1, 0, 0, 
2, 1, 22, 1, 0, 0, 
2, 1, 23, 1, 0, 0, 
2, 1, 24, 1, 0, 0, 
2, 1, 25, 1, 0, 0, 
2, 1, 26, 1, 0, 0, 
2, 1, 27, 1, 0, 0, 
2, 1, 28, 1, 0, 0, 
2, 1, 29, 1, 0, 0, 
2, 1, 30, 1, 0, 0, 
2, 1, 31, 1, 0, 0, 
2, 1, 32, 1, 0, 0, 
2, 1, 33, 1, 0, 0, 
2, 1, 34, 1, 0, 0, 
2, 1, 3, 1, 0, 0};
int unit47_1[20][6]={
55, 0, 34, 0, 0, 0,
55, 0, 2, 0, 0, 0, 
55, 0, 35, 1, 42, 0, 
55, 0, 19, 1, 0, 0, 
55, 0, 20, 1, 0, 0, 
55, 0, 21, 1, 0, 0, 
55, 0, 22, 1, 0, 0, 
55, 0, 23, 1, 0, 0, 
55, 0, 24, 1, 0, 0, 
55, 0, 25, 1, 0, 0, 
55, 0, 26, 1, 0, 0, 
55, 0, 27, 1, 0, 0, 
55, 0, 28, 1, 0, 0, 
55, 0, 29, 1, 0, 0, 
55, 0, 30, 1, 0, 0, 
55, 0, 31, 1, 0, 0, 
55, 0, 32, 1, 0, 0, 
55, 0, 33, 1, 0, 0, 
55, 0, 18, 1, 0, 0, 
34, 0, 54, 1, 59, 0};
int unit48_0[33][6]={
21, 0, 20, 0, 0, 0,
21, 0, 2, 0, 0, 0, 
21, 0, 19, 1, 0, 0, 
21, 0, 22, 1, 0, 0, 
21, 0, 23, 1, 0, 0, 
21, 0, 24, 1, 0, 0, 
21, 0, 25, 1, 0, 0, 
21, 0, 26, 1, 0, 0, 
21, 0, 27, 1, 0, 0, 
21, 0, 28, 1, 0, 0, 
21, 0, 29, 1, 0, 0, 
21, 0, 30, 1, 0, 0, 
21, 0, 31, 1, 0, 0, 
21, 0, 32, 1, 0, 0, 
21, 0, 33, 1, 0, 0, 
21, 0, 34, 1, 0, 0, 
21, 0, 4, 1, 0, 0, 
20, 0, 2, 0, 0, 0, 
20, 0, 19, 1, 0, 0, 
20, 0, 22, 1, 0, 0, 
20, 0, 23, 1, 0, 0, 
20, 0, 24, 1, 0, 0, 
20, 0, 25, 1, 0, 0, 
20, 0, 26, 1, 0, 0, 
20, 0, 27, 1, 0, 0, 
20, 0, 28, 1, 0, 0, 
20, 0, 29, 1, 0, 0, 
20, 0, 30, 1, 0, 0, 
20, 0, 31, 1, 0, 0, 
20, 0, 32, 1, 0, 0, 
20, 0, 33, 1, 0, 0, 
20, 0, 34, 1, 0, 0, 
20, 0, 5, 1, 0, 0};
int unit48_1[3][6]={
49, 1, 56, 0, 0, 0,
22, 0, 23, 0, 56, 0, 
49, 1, 57, 1, 60, 0};
int unit49_0[33][6]={
23, 0, 22, 0, 0, 0,
23, 0, 2, 0, 0, 0, 
23, 0, 19, 1, 0, 0, 
23, 0, 20, 1, 0, 0, 
23, 0, 21, 1, 0, 0, 
23, 0, 24, 1, 0, 0, 
23, 0, 25, 1, 0, 0, 
23, 0, 26, 1, 0, 0, 
23, 0, 27, 1, 0, 0, 
23, 0, 28, 1, 0, 0, 
23, 0, 29, 1, 0, 0, 
23, 0, 30, 1, 0, 0, 
23, 0, 31, 1, 0, 0, 
23, 0, 32, 1, 0, 0, 
23, 0, 33, 1, 0, 0, 
23, 0, 34, 1, 0, 0, 
23, 0, 6, 1, 0, 0, 
22, 0, 2, 0, 0, 0, 
22, 0, 19, 1, 0, 0, 
22, 0, 20, 1, 0, 0, 
22, 0, 21, 1, 0, 0, 
22, 0, 24, 1, 0, 0, 
22, 0, 25, 1, 0, 0, 
22, 0, 26, 1, 0, 0, 
22, 0, 27, 1, 0, 0, 
22, 0, 28, 1, 0, 0, 
22, 0, 29, 1, 0, 0, 
22, 0, 30, 1, 0, 0, 
22, 0, 31, 1, 0, 0, 
22, 0, 32, 1, 0, 0, 
22, 0, 33, 1, 0, 0, 
22, 0, 34, 1, 0, 0, 
22, 0, 7, 1, 0, 0};
int unit49_1[3][6]={
56, 0, 48, 1, 0, 0,
20, 0, 21, 0, 56, 0, 
48, 1, 57, 1, 60, 0};
int unit50_0[33][6]={
25, 0, 24, 0, 0, 0,
25, 0, 2, 0, 0, 0, 
25, 0, 19, 1, 0, 0, 
25, 0, 20, 1, 0, 0, 
25, 0, 21, 1, 0, 0, 
25, 0, 22, 1, 0, 0, 
25, 0, 23, 1, 0, 0, 
25, 0, 26, 1, 0, 0, 
25, 0, 27, 1, 0, 0, 
25, 0, 28, 1, 0, 0, 
25, 0, 29, 1, 0, 0, 
25, 0, 30, 1, 0, 0, 
25, 0, 31, 1, 0, 0, 
25, 0, 32, 1, 0, 0, 
25, 0, 33, 1, 0, 0, 
25, 0, 34, 1, 0, 0, 
25, 0, 8, 1, 0, 0, 
24, 0, 2, 0, 0, 0, 
24, 0, 19, 1, 0, 0, 
24, 0, 20, 1, 0, 0, 
24, 0, 21, 1, 0, 0, 
24, 0, 22, 1, 0, 0, 
24, 0, 23, 1, 0, 0, 
24, 0, 26, 1, 0, 0, 
24, 0, 27, 1, 0, 0, 
24, 0, 28, 1, 0, 0, 
24, 0, 29, 1, 0, 0, 
24, 0, 30, 1, 0, 0, 
24, 0, 31, 1, 0, 0, 
24, 0, 32, 1, 0, 0, 
24, 0, 33, 1, 0, 0, 
24, 0, 34, 1, 0, 0, 
24, 0, 9, 1, 0, 0};
int unit50_1[3][6]={
51, 1, 57, 0, 0, 0,
26, 0, 27, 0, 57, 0, 
51, 1, 56, 1, 60, 0};
int unit51_0[33][6]={
27, 0, 26, 0, 0, 0,
27, 0, 2, 0, 0, 0, 
27, 0, 19, 1, 0, 0, 
27, 0, 20, 1, 0, 0, 
27, 0, 21, 1, 0, 0, 
27, 0, 22, 1, 0, 0, 
27, 0, 23, 1, 0, 0, 
27, 0, 24, 1, 0, 0, 
27, 0, 25, 1, 0, 0, 
27, 0, 28, 1, 0, 0, 
27, 0, 29, 1, 0, 0, 
27, 0, 30, 1, 0, 0, 
27, 0, 31, 1, 0, 0, 
27, 0, 32, 1, 0, 0, 
27, 0, 33, 1, 0, 0, 
27, 0, 34, 1, 0, 0, 
27, 0, 10, 1, 0, 0, 
26, 0, 2, 0, 0, 0, 
26, 0, 19, 1, 0, 0, 
26, 0, 20, 1, 0, 0, 
26, 0, 21, 1, 0, 0, 
26, 0, 22, 1, 0, 0, 
26, 0, 23, 1, 0, 0, 
26, 0, 24, 1, 0, 0, 
26, 0, 25, 1, 0, 0, 
26, 0, 28, 1, 0, 0, 
26, 0, 29, 1, 0, 0, 
26, 0, 30, 1, 0, 0, 
26, 0, 31, 1, 0, 0, 
26, 0, 32, 1, 0, 0, 
26, 0, 33, 1, 0, 0, 
26, 0, 34, 1, 0, 0, 
26, 0, 11, 1, 0, 0};
int unit51_1[3][6]={
57, 0, 50, 1, 0, 0,
24, 0, 25, 0, 57, 0, 
50, 1, 56, 1, 60, 0};
int unit52_0[33][6]={
29, 0, 28, 0, 0, 0,
29, 0, 2, 0, 0, 0, 
29, 0, 19, 1, 0, 0, 
29, 0, 20, 1, 0, 0, 
29, 0, 21, 1, 0, 0, 
29, 0, 22, 1, 0, 0, 
29, 0, 23, 1, 0, 0, 
29, 0, 24, 1, 0, 0, 
29, 0, 25, 1, 0, 0, 
29, 0, 26, 1, 0, 0, 
29, 0, 27, 1, 0, 0, 
29, 0, 30, 1, 0, 0, 
29, 0, 31, 1, 0, 0, 
29, 0, 32, 1, 0, 0, 
29, 0, 33, 1, 0, 0, 
29, 0, 34, 1, 0, 0, 
29, 0, 12, 1, 0, 0, 
28, 0, 2, 0, 0, 0, 
28, 0, 19, 1, 0, 0, 
28, 0, 20, 1, 0, 0, 
28, 0, 21, 1, 0, 0, 
28, 0, 22, 1, 0, 0, 
28, 0, 23, 1, 0, 0, 
28, 0, 24, 1, 0, 0, 
28, 0, 25, 1, 0, 0, 
28, 0, 26, 1, 0, 0, 
28, 0, 27, 1, 0, 0, 
28, 0, 30, 1, 0, 0, 
28, 0, 31, 1, 0, 0, 
28, 0, 32, 1, 0, 0, 
28, 0, 33, 1, 0, 0, 
28, 0, 34, 1, 0, 0, 
28, 0, 13, 1, 0, 0};
int unit52_1[3][6]={
53, 1, 58, 0, 0, 0,
30, 0, 31, 0, 58, 0, 
53, 1, 59, 1, 60, 1};
int unit53_0[33][6]={
31, 0, 30, 0, 0, 0,
31, 0, 2, 0, 0, 0, 
31, 0, 19, 1, 0, 0, 
31, 0, 20, 1, 0, 0, 
31, 0, 21, 1, 0, 0, 
31, 0, 22, 1, 0, 0, 
31, 0, 23, 1, 0, 0, 
31, 0, 24, 1, 0, 0, 
31, 0, 25, 1, 0, 0, 
31, 0, 26, 1, 0, 0, 
31, 0, 27, 1, 0, 0, 
31, 0, 28, 1, 0, 0, 
31, 0, 29, 1, 0, 0, 
31, 0, 32, 1, 0, 0, 
31, 0, 33, 1, 0, 0, 
31, 0, 34, 1, 0, 0, 
31, 0, 14, 1, 0, 0, 
30, 0, 2, 0, 0, 0, 
30, 0, 19, 1, 0, 0, 
30, 0, 20, 1, 0, 0, 
30, 0, 21, 1, 0, 0, 
30, 0, 22, 1, 0, 0, 
30, 0, 23, 1, 0, 0, 
30, 0, 24, 1, 0, 0, 
30, 0, 25, 1, 0, 0, 
30, 0, 26, 1, 0, 0, 
30, 0, 27, 1, 0, 0, 
30, 0, 28, 1, 0, 0, 
30, 0, 29, 1, 0, 0, 
30, 0, 32, 1, 0, 0, 
30, 0, 33, 1, 0, 0, 
30, 0, 34, 1, 0, 0, 
30, 0, 15, 1, 0, 0};
int unit53_1[3][6]={
58, 0, 52, 1, 0, 0,
28, 0, 29, 0, 58, 0, 
52, 1, 59, 1, 60, 1};
int unit54_0[34][6]={
33, 0, 32, 0, 0, 0,
33, 0, 2, 0, 0, 0, 
33, 0, 19, 1, 0, 0, 
33, 0, 20, 1, 0, 0, 
33, 0, 21, 1, 0, 0, 
33, 0, 22, 1, 0, 0, 
33, 0, 23, 1, 0, 0, 
33, 0, 24, 1, 0, 0, 
33, 0, 25, 1, 0, 0, 
33, 0, 26, 1, 0, 0, 
33, 0, 27, 1, 0, 0, 
33, 0, 28, 1, 0, 0, 
33, 0, 29, 1, 0, 0, 
33, 0, 30, 1, 0, 0, 
33, 0, 31, 1, 0, 0, 
33, 0, 34, 1, 0, 0, 
33, 0, 16, 1, 0, 0, 
32, 0, 2, 0, 0, 0, 
32, 0, 18, 0, 41, 0, 
32, 0, 19, 1, 0, 0, 
32, 0, 20, 1, 0, 0, 
32, 0, 21, 1, 0, 0, 
32, 0, 22, 1, 0, 0, 
32, 0, 23, 1, 0, 0, 
32, 0, 24, 1, 0, 0, 
32, 0, 25, 1, 0, 0, 
32, 0, 26, 1, 0, 0, 
32, 0, 27, 1, 0, 0, 
32, 0, 28, 1, 0, 0, 
32, 0, 29, 1, 0, 0, 
32, 0, 30, 1, 0, 0, 
32, 0, 31, 1, 0, 0, 
32, 0, 34, 1, 0, 0, 
32, 0, 17, 1, 0, 0};
int unit54_1[3][6]={
55, 1, 59, 0, 0, 0,
34, 0, 47, 1, 59, 0, 
55, 1, 58, 1, 60, 1};
int unit55_0[20][6]={
47, 1, 34, 0, 0, 0,
47, 1, 2, 0, 0, 0, 
47, 1, 35, 1, 42, 0, 
47, 1, 19, 1, 0, 0, 
47, 1, 20, 1, 0, 0, 
47, 1, 21, 1, 0, 0, 
47, 1, 22, 1, 0, 0, 
47, 1, 23, 1, 0, 0, 
47, 1, 24, 1, 0, 0, 
47, 1, 25, 1, 0, 0, 
47, 1, 26, 1, 0, 0, 
47, 1, 27, 1, 0, 0, 
47, 1, 28, 1, 0, 0, 
47, 1, 29, 1, 0, 0, 
47, 1, 30, 1, 0, 0, 
47, 1, 31, 1, 0, 0, 
47, 1, 32, 1, 0, 0, 
47, 1, 33, 1, 0, 0, 
47, 1, 18, 1, 0, 0, 
2, 1, 19, 0, 34, 0};
int unit55_1[3][6]={
59, 0, 54, 1, 0, 0,
32, 0, 33, 0, 59, 0, 
54, 1, 58, 1, 60, 1};
int unit56_0[3][6]={
49, 1, 48, 1, 0, 0,
20, 0, 21, 0, 49, 1, 
22, 0, 23, 0, 48, 1};
int unit56_1[3][6]={
57, 1, 60, 0, 0, 0,
50, 1, 51, 1, 60, 0, 
57, 1, 58, 1, 59, 1};
int unit57_0[3][6]={
51, 1, 50, 1, 0, 0,
24, 0, 25, 0, 51, 1, 
26, 0, 27, 0, 50, 1};
int unit57_1[3][6]={
60, 0, 56, 1, 0, 0,
48, 1, 49, 1, 60, 0, 
56, 1, 58, 1, 59, 1};
int unit58_0[3][6]={
53, 1, 52, 1, 0, 0,
28, 0, 29, 0, 53, 1, 
30, 0, 31, 0, 52, 1};
int unit58_1[3][6]={
59, 1, 60, 1, 0, 0,
54, 1, 55, 1, 60, 1, 
56, 1, 57, 1, 59, 1};
int unit59_0[3][6]={
55, 1, 54, 1, 0, 0,
32, 0, 33, 0, 55, 1, 
34, 0, 47, 1, 54, 1};
int unit59_1[3][6]={
60, 1, 58, 1, 0, 0,
52, 1, 53, 1, 60, 1, 
56, 1, 57, 1, 58, 1};
int unit60_0[3][6]={
57, 1, 56, 1, 0, 0,
48, 1, 49, 1, 57, 1, 
50, 1, 51, 1, 56, 1};
int unit60_1[3][6]={
59, 1, 58, 1, 0, 0,
52, 1, 53, 1, 59, 1, 
54, 1, 55, 1, 58, 1};
