10000000010110000000000000000000
10000000100101000000000000000000
10000000010110010000000000000000
10000000100101010000000000000000
10000000010110100000000000000000
10000000100101100000000000000000
10000000010110110000000000000000
10000000011001110000000000000000
10000000010111000000000000000000
10000000011010000000000000000000
10000000010111010000000000000000
10000000011010010000000000000000
10000000010110110000000000000000
10000000011100110000000000000000
10000000010111000000000000000000
10000000011101000000000000000000
10000000010111010000000000000000
10000000011101010000000000000000
10000000010110110000000000000000
10000000100001010000000000000000
10000000010111000000000000000000
10000000100001100000000000000000
10000000010111010000000000000000
10000000100001110000000000000000
10000000010110110000000000000000
10000000100011100000000000000000
10000000010111000000000000000000
10000000100011110000000000000000
10000000010111010000000000000000
10000000100100000000000000000000
10000000010111100000000000000000
10000000011101100000000000000000
10000000010111110000000000000000
10000000011101110000000000000000
10000000011000000000000000000000
10000000011110000000000000000000
10000000010111100000000000000000
10000000011111000000000000000000
10000000010111110000000000000000
10000000011111010000000000000000
10000000011000000000000000000000
10000000011111100000000000000000
10000000010111100000000000000000
10000000011111110000000000000000
10000000010111110000000000000000
10000000100000000000000000000000
10000000011000000000000000000000
10000000100000010000000000000000
10000000011000010000000000000000
10000000011011010000000000000000
10000000011000100000000000000000
10000000011011100000000000000000
10000000011000110000000000000000
10000000011011110000000000000000
10000000011000010000000000000000
10000000100000100000000000000000
10000000011000100000000000000000
10000000100000110000000000000000
10000000011000110000000000000000
10000000100001000000000000000000
10000000011001000000000000000000
10000000100010000000000000000000
10000000011001010000000000000000
10000000100010010000000000000000
10000000011001100000000000000000
10000000100010100000000000000000
00000000000000100000000000000011
10000000010011000000000000000000
00000000000000100000000000000011
10000000010101010000000000000000
00000000000000100000000000000011
10000000011001110000000000000000
00000000000000100000000000000011
10000000011111000000000000000000
00000000000000010000000000000011
10000000010011010000000000000000
00000000000000010000000000000011
10000000010101100000000000000000
00000000000000010000000000000011
10000000011010000000000000000000
00000000000000010000000000000011
10000000011111010000000000000000
00000000000000010000000000000010
10000000010011100000000000000000
00000000000000010000000000000010
10000000010101110000000000000000
00000000000000010000000000000010
10000000011010010000000000000000
00000000000000010000000000000010
10000000011111100000000000000000
00000000000001010000000000000110
10000000001101000000000000000000
00000000000001010000000000000110
10000000001111010000000000000000
00000000000001010000000000000110
10000000010000000000000000000000
00000000000001010000000000000110
10000000010111100000000000000000
00000000000001010000000000000110
10000000100010000000000000000000
00000000000001010000000000000110
10000000100010110000000000000000
00000000000001010000000000000110
10000000100100010000000000000000
00000000000001000000000000000110
10000000001101010000000000000000
00000000000001000000000000000110
10000000001111100000000000000000
00000000000001000000000000000110
10000000010000010000000000000000
00000000000001000000000000000110
10000000010111110000000000000000
00000000000001000000000000000110
10000000100010010000000000000000
00000000000001000000000000000110
10000000100011000000000000000000
00000000000001000000000000000110
10000000100100100000000000000000
00000000000001000000000000000101
10000000001101100000000000000000
00000000000001000000000000000101
10000000001111110000000000000000
00000000000001000000000000000101
10000000010000100000000000000000
00000000000001000000000000000101
10000000011000000000000000000000
00000000000001000000000000000101
10000000100010100000000000000000
00000000000001000000000000000101
10000000100011010000000000000000
00000000000001000000000000000101
10000000100100110000000000000000
00000000000010000000000000001001
10000000001101110000000000000000
00000000000010000000000000001001
10000000001110100000000000000000
00000000000010000000000000001001
10000000010000110000000000000000
00000000000010000000000000001001
10000000011001110000000000000000
00000000000010000000000000001001
10000000100010110000000000000000
00000000000001110000000000001001
10000000001110000000000000000000
00000000000001110000000000001001
10000000001110110000000000000000
00000000000001110000000000001001
10000000010001000000000000000000
00000000000001110000000000001001
10000000011010000000000000000000
00000000000001110000000000001001
10000000100011000000000000000000
00000000000001110000000000001000
10000000001110010000000000000000
00000000000001110000000000001000
10000000001111000000000000000000
00000000000001110000000000001000
10000000010001010000000000000000
00000000000001110000000000001000
10000000011010010000000000000000
00000000000001110000000000001000
10000000100011010000000000000000
00000000000010110000000000001100
10000000010001100000000000000000
00000000000010110000000000001100
10000000011110010000000000000000
00000000000010110000000000001100
10000000100000100000000000000000
00000000000010110000000000001100
10000000100011100000000000000000
00000000000010100000000000001100
10000000010001110000000000000000
00000000000010100000000000001100
10000000011110100000000000000000
00000000000010100000000000001100
10000000100000110000000000000000
00000000000010100000000000001100
10000000100011110000000000000000
00000000000010100000000000001011
10000000010010000000000000000000
00000000000010100000000000001011
10000000011110110000000000000000
00000000000010100000000000001011
10000000100001000000000000000000
00000000000010100000000000001011
10000000100100000000000000000000
00000000000011100000000000001111
10000000011100000000000000000000
00000000000011100000000000001111
10000000011111110000000000000000
00000000000011010000000000001111
10000000011100010000000000000000
00000000000011010000000000001111
10000000100000000000000000000000
00000000000011010000000000001110
10000000011100100000000000000000
00000000000011010000000000001110
10000000100000010000000000000000
00000000000100010000000000010010
10000000010000110000000000000000
00000000000100010000000000010010
10000000010101010000000000000000
00000000000100010000000000010010
10000000010110110000000000000000
00000000000100010000000000010010
10000000010111100000000000000000
00000000000100010000000000010010
10000000011001110000000000000000
00000000000100010000000000010010
10000000011111000000000000000000
00000000000100010000000000010010
10000000100010000000000000000000
00000000000100000000000000010010
10000000010001000000000000000000
00000000000100000000000000010010
10000000010101100000000000000000
00000000000100000000000000010010
10000000010111000000000000000000
00000000000100000000000000010010
10000000010111110000000000000000
00000000000100000000000000010010
10000000011010000000000000000000
00000000000100000000000000010010
10000000011111010000000000000000
00000000000100000000000000010010
10000000100010010000000000000000
00000000000100000000000000010001
10000000010001010000000000000000
00000000000100000000000000010001
10000000010101110000000000000000
00000000000100000000000000010001
10000000010111010000000000000000
00000000000100000000000000010001
10000000011000000000000000000000
00000000000100000000000000010001
10000000011010010000000000000000
00000000000100000000000000010001
10000000011111100000000000000000
00000000000100000000000000010001
10000000100010100000000000000000
00000000000101000000000000010101
10000000001101110000000000000000
00000000000101000000000000010101
10000000011000010000000000000000
00000000000101000000000000010101
10000000011001000000000000000000
00000000000101000000000000010101
10000000011101100000000000000000
00000000000100110000000000010101
10000000001110000000000000000000
00000000000100110000000000010101
10000000011000100000000000000000
00000000000100110000000000010101
10000000011001010000000000000000
00000000000100110000000000010101
10000000011101110000000000000000
00000000000100110000000000010100
10000000001110010000000000000000
00000000000100110000000000010100
10000000011000110000000000000000
00000000000100110000000000010100
10000000011001100000000000000000
00000000000100110000000000010100
10000000011110000000000000000000
00000000000101110000000000011000
10000000001111010000000000000000
00000000000101110000000000011000
10000000010011110000000000000000
00000000000101110000000000011000
10000000010100100000000000000000
00000000000101110000000000011000
10000000011010100000000000000000
00000000000101100000000000011000
10000000001111100000000000000000
00000000000101100000000000011000
10000000010100000000000000000000
00000000000101100000000000011000
10000000010100110000000000000000
00000000000101100000000000011000
10000000011010110000000000000000
00000000000101100000000000010111
10000000001111110000000000000000
00000000000101100000000000010111
10000000010100010000000000000000
00000000000101100000000000010111
10000000010101000000000000000000
00000000000101100000000000010111
10000000011011000000000000000000
00000000000110100000000000011011
10000000001110100000000000000000
00000000000110100000000000011011
10000000001111010000000000000000
00000000000110100000000000011011
10000000010100100000000000000000
00000000000110010000000000011011
10000000001110110000000000000000
00000000000110010000000000011011
10000000001111100000000000000000
00000000000110010000000000011011
10000000010100110000000000000000
00000000000110010000000000011010
10000000001111000000000000000000
00000000000110010000000000011010
10000000001111110000000000000000
00000000000110010000000000011010
10000000010101000000000000000000
00000000000111010000000000011110
10000000010011000000000000000000
00000000000111010000000000011110
10000000011101100000000000000000
00000000000111010000000000011110
10000000100010000000000000000000
00000000000111010000000000011110
10000000100011100000000000000000
00000000000111010000000000011110
10000000100101000000000000000000
00000000000111000000000000011110
10000000010011010000000000000000
00000000000111000000000000011110
10000000011101110000000000000000
00000000000111000000000000011110
10000000100010010000000000000000
00000000000111000000000000011110
10000000100011110000000000000000
00000000000111000000000000011110
10000000100101010000000000000000
00000000000111000000000000011101
10000000010011100000000000000000
00000000000111000000000000011101
10000000011110000000000000000000
00000000000111000000000000011101
10000000100010100000000000000000
00000000000111000000000000011101
10000000100100000000000000000000
00000000000111000000000000011101
10000000100101100000000000000000
00000000001000000000000000100001
10000000010010010000000000000000
00000000001000000000000000100001
10000000010011000000000000000000
00000000001000000000000000100001
10000000011011010000000000000000
00000000001000000000000000100001
10000000011101100000000000000000
00000000001000000000000000100001
10000000011110010000000000000000
00000000000111110000000000100001
10000000010010100000000000000000
00000000000111110000000000100001
10000000010011010000000000000000
00000000000111110000000000100001
10000000011011100000000000000000
00000000000111110000000000100001
10000000011101110000000000000000
00000000000111110000000000100001
10000000011110100000000000000000
00000000000111110000000000100000
10000000010010110000000000000000
00000000000111110000000000100000
10000000010011100000000000000000
00000000000111110000000000100000
10000000011011110000000000000000
00000000000111110000000000100000
10000000011110000000000000000000
00000000000111110000000000100000
10000000011110110000000000000000
00000000001000110000000000100100
10000000001101110000000000000000
00000000001000110000000000100100
10000000001110100000000000000000
00000000001000110000000000100100
10000000001111010000000000000000
00000000001000110000000000100100
10000000100001010000000000000000
00000000001000100000000000100100
10000000001110000000000000000000
00000000001000100000000000100100
10000000001110110000000000000000
00000000001000100000000000100100
10000000001111100000000000000000
00000000001000100000000000100100
10000000100001100000000000000000
00000000001000100000000000100011
10000000001110010000000000000000
00000000001000100000000000100011
10000000001111000000000000000000
00000000001000100000000000100011
10000000001111110000000000000000
00000000001000100000000000100011
10000000100001110000000000000000
00000000001001100000000000100111
10000000010011000000000000000000
00000000001001100000000000100111
10000000010100100000000000000000
00000000001001100000000000100111
10000000010111100000000000000000
00000000001001100000000000100111
10000000011011010000000000000000
00000000001001100000000000100111
10000000100010000000000000000000
00000000001001100000000000100111
10000000100100010000000000000000
00000000001001010000000000100111
10000000010011010000000000000000
00000000001001010000000000100111
10000000010100110000000000000000
00000000001001010000000000100111
10000000010111110000000000000000
00000000001001010000000000100111
10000000011011100000000000000000
00000000001001010000000000100111
10000000100010010000000000000000
00000000001001010000000000100111
10000000100100100000000000000000
00000000001001010000000000100110
10000000010011100000000000000000
00000000001001010000000000100110
10000000010101000000000000000000
00000000001001010000000000100110
10000000011000000000000000000000
00000000001001010000000000100110
10000000011011110000000000000000
00000000001001010000000000100110
10000000100010100000000000000000
00000000001001010000000000100110
10000000100100110000000000000000
00000000001010010000000000101010
10000000010010010000000000000000
00000000001010010000000000101010
10000000011100000000000000000000
00000000001010000000000000101010
10000000010010100000000000000000
00000000001010000000000000101010
10000000011100010000000000000000
00000000001010000000000000101001
10000000010010110000000000000000
00000000001010000000000000101001
10000000011100100000000000000000
00000000001011000000000000101101
10000000010001100000000000000000
00000000001011000000000000101101
10000000011100000000000000000000
00000000001011000000000000101101
10000000011110010000000000000000
00000000001011000000000000101101
10000000011111000000000000000000
00000000001010110000000000101101
10000000010001110000000000000000
00000000001010110000000000101101
10000000011100010000000000000000
00000000001010110000000000101101
10000000011110100000000000000000
00000000001010110000000000101101
10000000011111010000000000000000
00000000001010110000000000101100
10000000010010000000000000000000
00000000001010110000000000101100
10000000011100100000000000000000
00000000001010110000000000101100
10000000011110110000000000000000
00000000001010110000000000101100
10000000011111100000000000000000
00000000001011110000000000110000
10000000001110100000000000000000
00000000001011110000000000110000
10000000010011110000000000000000
00000000001011110000000000110000
10000000011101100000000000000000
00000000001011110000000000110000
10000000011111000000000000000000
00000000001011100000000000110000
10000000001110110000000000000000
00000000001011100000000000110000
10000000010100000000000000000000
00000000001011100000000000110000
10000000011101110000000000000000
00000000001011100000000000110000
10000000011111010000000000000000
00000000001011100000000000101111
10000000001111000000000000000000
00000000001011100000000000101111
10000000010100010000000000000000
00000000001011100000000000101111
10000000011110000000000000000000
00000000001011100000000000101111
10000000011111100000000000000000
00000000001100100000000000110011
10000000010000110000000000000000
00000000001100100000000000110011
10000000010001100000000000000000
00000000001100100000000000110011
10000000010101010000000000000000
00000000001100100000000000110011
10000000010110000000000000000000
00000000001100100000000000110011
10000000011111110000000000000000
00000000001100100000000000110011
10000000100000100000000000000000
00000000001100100000000000110011
10000000100010110000000000000000
00000000001100100000000000110011
10000000100011100000000000000000
00000000001100010000000000110011
10000000010001000000000000000000
00000000001100010000000000110011
10000000010001110000000000000000
00000000001100010000000000110011
10000000010101100000000000000000
00000000001100010000000000110011
10000000010110010000000000000000
00000000001100010000000000110011
10000000100000000000000000000000
00000000001100010000000000110011
10000000100000110000000000000000
00000000001100010000000000110011
10000000100011000000000000000000
00000000001100010000000000110011
10000000100011110000000000000000
00000000001100010000000000110010
10000000010001010000000000000000
00000000001100010000000000110010
10000000010010000000000000000000
00000000001100010000000000110010
10000000010101110000000000000000
00000000001100010000000000110010
10000000010110100000000000000000
00000000001100010000000000110010
10000000100000010000000000000000
00000000001100010000000000110010
10000000100001000000000000000000
00000000001100010000000000110010
10000000100011010000000000000000
00000000001100010000000000110010
10000000100100000000000000000000
00000000001101010000000000110110
10000000000001000000000000000000
00000000001101010000000000110110
10000000011111000000000000000000
00000000001101010000000000110110
10000000100001010000000000000000
00000000001101000000000000110110
10000000000001010000000000000000
00000000001101000000000000110110
10000000011111010000000000000000
00000000001101000000000000110110
10000000100001100000000000000000
00000000001101000000000000110101
10000000000001100000000000000000
00000000001101000000000000110101
10000000011111100000000000000000
00000000001101000000000000110101
10000000100001110000000000000000
00000000001110000000000000111001
10000000000001110000000000000000
00000000001110000000000000111001
10000000000100110000000000000000
00000000001110000000000000111001
10000000001000100000000000000000
00000000001110000000000000111001
10000000011101100000000000000000
00000000001101110000000000111001
10000000000010000000000000000000
00000000001101110000000000111001
10000000000101000000000000000000
00000000001101110000000000111001
10000000001000110000000000000000
00000000001101110000000000111001
10000000011101110000000000000000
00000000001101110000000000111000
10000000000010010000000000000000
00000000001101110000000000111000
10000000000101010000000000000000
00000000001101110000000000111000
10000000001001000000000000000000
00000000001101110000000000111000
10000000011110000000000000000000
00000000001110110000000000111100
10000000000001110000000000000000
00000000001110110000000000111100
10000000000110010000000000000000
00000000001110110000000000111100
10000000001000100000000000000000
00000000001110110000000000111100
10000000001011100000000000000000
00000000001110110000000000111100
10000000011100000000000000000000
00000000001110110000000000111100
10000000100000100000000000000000
00000000001110110000000000111100
10000000100010110000000000000000
00000000001110110000000000111100
10000000100101000000000000000000
00000000001110100000000000111100
10000000000010000000000000000000
00000000001110100000000000111100
10000000000110100000000000000000
00000000001110100000000000111100
10000000001000110000000000000000
00000000001110100000000000111100
10000000001011110000000000000000
00000000001110100000000000111100
10000000011100010000000000000000
00000000001110100000000000111100
10000000100000110000000000000000
00000000001110100000000000111100
10000000100011000000000000000000
00000000001110100000000000111100
10000000100101010000000000000000
00000000001110100000000000111011
10000000000010010000000000000000
00000000001110100000000000111011
10000000000110110000000000000000
00000000001110100000000000111011
10000000001001000000000000000000
00000000001110100000000000111011
10000000001100000000000000000000
00000000001110100000000000111011
10000000011100100000000000000000
00000000001110100000000000111011
10000000100001000000000000000000
00000000001110100000000000111011
10000000100011010000000000000000
00000000001110100000000000111011
10000000100101100000000000000000
00000000001111100000000000111111
10000000000001000000000000000000
00000000001111100000000000111111
10000000000101100000000000000000
00000000001111100000000000111111
10000000000110010000000000000000
00000000001111100000000000111111
10000000001000100000000000000000
00000000001111100000000000111111
10000000011011010000000000000000
00000000001111100000000000111111
10000000011110010000000000000000
00000000001111010000000000111111
10000000000001010000000000000000
00000000001111010000000000111111
10000000000101110000000000000000
00000000001111010000000000111111
10000000000110100000000000000000
00000000001111010000000000111111
10000000001000110000000000000000
00000000001111010000000000111111
10000000011011100000000000000000
00000000001111010000000000111111
10000000011110100000000000000000
00000000001111010000000000111110
10000000000001100000000000000000
00000000001111010000000000111110
10000000000110000000000000000000
00000000001111010000000000111110
10000000000110110000000000000000
00000000001111010000000000111110
10000000001001000000000000000000
00000000001111010000000000111110
10000000011011110000000000000000
00000000001111010000000000111110
10000000011110110000000000000000
00000000010000010000000001000010
10000000000001000000000000000000
00000000010000010000000001000010
10000000011100110000000000000000
00000000010000010000000001000010
10000000011111110000000000000000
00000000010000010000000001000010
10000000100010000000000000000000
00000000010000000000000001000010
10000000000001010000000000000000
00000000010000000000000001000010
10000000011101000000000000000000
00000000010000000000000001000010
10000000100000000000000000000000
00000000010000000000000001000010
10000000100010010000000000000000
00000000010000000000000001000001
10000000000001100000000000000000
00000000010000000000000001000001
10000000011101010000000000000000
00000000010000000000000001000001
10000000100000010000000000000000
00000000010000000000000001000001
10000000100010100000000000000000
00000000010001000000000001000101
10000000000001110000000000000000
00000000010001000000000001000101
10000000000100000000000000000000
00000000010001000000000001000101
10000000001100010000000000000000
00000000010001000000000001000101
10000000100001010000000000000000
00000000010000110000000001000101
10000000000010000000000000000000
00000000010000110000000001000101
10000000000100010000000000000000
00000000010000110000000001000101
10000000001100100000000000000000
00000000010000110000000001000101
10000000100001100000000000000000
00000000010000110000000001000100
10000000000010010000000000000000
00000000010000110000000001000100
10000000000100100000000000000000
00000000010000110000000001000100
10000000001100110000000000000000
00000000010000110000000001000100
10000000100001110000000000000000
00000000010001110000000001001000
10000000000010100000000000000000
00000000010001110000000001001000
10000000001010110000000000000000
00000000010001110000000001001000
10000000001100010000000000000000
00000000010001110000000001001000
10000000011001110000000000000000
00000000010001110000000001001000
10000000100011100000000000000000
00000000010001100000000001001000
10000000000010110000000000000000
00000000010001100000000001001000
10000000001011000000000000000000
00000000010001100000000001001000
10000000001100100000000000000000
00000000010001100000000001001000
10000000011010000000000000000000
00000000010001100000000001001000
10000000100011110000000000000000
00000000010001100000000001000111
10000000000011000000000000000000
00000000010001100000000001000111
10000000001011010000000000000000
00000000010001100000000001000111
10000000001100110000000000000000
00000000010001100000000001000111
10000000011010010000000000000000
00000000010001100000000001000111
10000000100100000000000000000000
00000000010010100000000001001011
10000000000111110000000000000000
00000000010010100000000001001011
10000000001010000000000000000000
00000000010010100000000001001011
10000000011100110000000000000000
00000000010010100000000001001011
10000000100001010000000000000000
00000000010010010000000001001011
10000000001000000000000000000000
00000000010010010000000001001011
10000000001010010000000000000000
00000000010010010000000001001011
10000000011101000000000000000000
00000000010010010000000001001011
10000000100001100000000000000000
00000000010010010000000001001010
10000000001000010000000000000000
00000000010010010000000001001010
10000000001010100000000000000000
00000000010010010000000001001010
10000000011101010000000000000000
00000000010010010000000001001010
10000000100001110000000000000000
00000000010011010000000001001110
10000000000000010000000000000000
00000000010011010000000001001110
10000000000111000000000000000000
00000000010011010000000001001110
10000000000111110000000000000000
00000000010011010000000001001110
10000000001001010000000000000000
00000000010011010000000001001110
10000000011110010000000000000000
00000000010011010000000001001110
10000000100010000000000000000000
00000000010011000000000001001110
10000000000000100000000000000000
00000000010011000000000001001110
10000000000111010000000000000000
00000000010011000000000001001110
10000000001000000000000000000000
00000000010011000000000001001110
10000000001001100000000000000000
00000000010011000000000001001110
10000000011110100000000000000000
00000000010011000000000001001110
10000000100010010000000000000000
00000000010011000000000001001101
10000000000000110000000000000000
00000000010011000000000001001101
10000000000111100000000000000000
00000000010011000000000001001101
10000000001000010000000000000000
00000000010011000000000001001101
10000000001001110000000000000000
00000000010011000000000001001101
10000000011110110000000000000000
00000000010011000000000001001101
10000000100010100000000000000000
00000000010100000000000001010001
10000000000101100000000000000000
00000000010100000000000001010001
10000000001011100000000000000000
00000000010100000000000001010001
10000000011011010000000000000000
00000000010100000000000001010001
10000000100000100000000000000000
00000000010011110000000001010001
10000000000101110000000000000000
00000000010011110000000001010001
10000000001011110000000000000000
00000000010011110000000001010001
10000000011011100000000000000000
00000000010011110000000001010001
10000000100000110000000000000000
00000000010011110000000001010000
10000000000110000000000000000000
00000000010011110000000001010000
10000000001100000000000000000000
00000000010011110000000001010000
10000000011011110000000000000000
00000000010011110000000001010000
10000000100001000000000000000000
00000000010100110000000001010100
10000000000101100000000000000000
00000000010100110000000001010100
10000000000110010000000000000000
00000000010100110000000001010100
10000000001001010000000000000000
00000000010100100000000001010100
10000000000101110000000000000000
00000000010100100000000001010100
10000000000110100000000000000000
00000000010100100000000001010100
10000000001001100000000000000000
00000000010100100000000001010011
10000000000110000000000000000000
00000000010100100000000001010011
10000000000110110000000000000000
00000000010100100000000001010011
10000000001001110000000000000000
00000000010101100000000001010111
10000000000000010000000000000000
00000000010101100000000001010111
10000000000100000000000000000000
00000000010101100000000001010111
10000000001100010000000000000000
00000000010101100000000001010111
10000000011001110000000000000000
00000000010101100000000001010111
10000000011011010000000000000000
00000000010101100000000001010111
10000000011110010000000000000000
00000000010101010000000001010111
10000000000000100000000000000000
00000000010101010000000001010111
10000000000100010000000000000000
00000000010101010000000001010111
10000000001100100000000000000000
00000000010101010000000001010111
10000000011010000000000000000000
00000000010101010000000001010111
10000000011011100000000000000000
00000000010101010000000001010111
10000000011110100000000000000000
00000000010101010000000001010110
10000000000000110000000000000000
00000000010101010000000001010110
10000000000100100000000000000000
00000000010101010000000001010110
10000000001100110000000000000000
00000000010101010000000001010110
10000000011010010000000000000000
00000000010101010000000001010110
10000000011011110000000000000000
00000000010101010000000001010110
10000000011110110000000000000000
00000000010110010000000001011010
10000000001100010000000000000000
00000000010110010000000001011010
10000000100000100000000000000000
00000000010110010000000001011010
10000000100010000000000000000000
00000000010110010000000001011010
10000000100101000000000000000000
00000000010110000000000001011010
10000000001100100000000000000000
00000000010110000000000001011010
10000000100000110000000000000000
00000000010110000000000001011010
10000000100010010000000000000000
00000000010110000000000001011010
10000000100101010000000000000000
00000000010110000000000001011001
10000000001100110000000000000000
00000000010110000000000001011001
10000000100001000000000000000000
00000000010110000000000001011001
10000000100010100000000000000000
00000000010110000000000001011001
10000000100101100000000000000000
00000000010111000000000001011101
10000000000100000000000000000000
00000000010111000000000001011101
10000000011001110000000000000000
00000000010111000000000001011101
10000000011100110000000000000000
00000000010111000000000001011101
10000000100001010000000000000000
00000000010111000000000001011101
10000000100011100000000000000000
00000000010110110000000001011101
10000000000100010000000000000000
00000000010110110000000001011101
10000000011010000000000000000000
00000000010110110000000001011101
10000000011101000000000000000000
00000000010110110000000001011101
10000000100001100000000000000000
00000000010110110000000001011101
10000000100011110000000000000000
00000000010110110000000001011100
10000000000100100000000000000000
00000000010110110000000001011100
10000000011010010000000000000000
00000000010110110000000001011100
10000000011101010000000000000000
00000000010110110000000001011100
10000000100001110000000000000000
00000000010110110000000001011100
10000000100100000000000000000000
00000000010111110000000001100000
10000000000001000000000000000000
00000000010111110000000001100000
10000000000100000000000000000000
00000000010111110000000001100000
10000000001001010000000000000000
00000000010111110000000001100000
10000000011101100000000000000000
00000000010111110000000001100000
10000000011111000000000000000000
00000000010111110000000001100000
10000000011111110000000000000000
00000000010111100000000001100000
10000000000001010000000000000000
00000000010111100000000001100000
10000000000100010000000000000000
00000000010111100000000001100000
10000000001001100000000000000000
00000000010111100000000001100000
10000000011101110000000000000000
00000000010111100000000001100000
10000000011111010000000000000000
00000000010111100000000001100000
10000000100000000000000000000000
00000000010111100000000001011111
10000000000001100000000000000000
00000000010111100000000001011111
10000000000100100000000000000000
00000000010111100000000001011111
10000000001001110000000000000000
00000000010111100000000001011111
10000000011110000000000000000000
00000000010111100000000001011111
10000000011111100000000000000000
00000000010111100000000001011111
10000000100000010000000000000000
00000000011000100000000001100011
10000000000100110000000000000000
00000000011000100000000001100011
10000000011011010000000000000000
00000000011000100000000001100011
10000000100000100000000000000000
00000000011000010000000001100011
10000000000101000000000000000000
00000000011000010000000001100011
10000000011011100000000000000000
00000000011000010000000001100011
10000000100000110000000000000000
00000000011000010000000001100010
10000000000101010000000000000000
00000000011000010000000001100010
10000000011011110000000000000000
00000000011000010000000001100010
10000000100001000000000000000000
00000000011001010000000001100110
10000000000100110000000000000000
00000000011001010000000001100110
10000000100010000000000000000000
00000000011001000000000001100110
10000000000101000000000000000000
00000000011001000000000001100110
10000000100010010000000000000000
00000000011001000000000001100101
10000000000101010000000000000000
00000000011001000000000001100101
10000000100010100000000000000000
00000000011010000000000001101001
10000000000000010000000000000000
00000000011010000000000001101001
10000000000001110000000000000000
00000000011010000000000001101001
10000000000100000000000000000000
00000000011010000000000001101001
10000000010001100000000000000000
00000000011010000000000001101001
10000000010101010000000000000000
00000000011010000000000001101001
10000000010110110000000000000000
00000000011001110000000001101001
10000000000000100000000000000000
00000000011001110000000001101001
10000000000010000000000000000000
00000000011001110000000001101001
10000000000100010000000000000000
00000000011001110000000001101001
10000000010001110000000000000000
00000000011001110000000001101001
10000000010101100000000000000000
00000000011001110000000001101001
10000000010111000000000000000000
00000000011001110000000001101000
10000000000000110000000000000000
00000000011001110000000001101000
10000000000010010000000000000000
00000000011001110000000001101000
10000000000100100000000000000000
00000000011001110000000001101000
10000000010010000000000000000000
00000000011001110000000001101000
10000000010101110000000000000000
00000000011001110000000001101000
10000000010111010000000000000000
00000000011010110000000001101100
10000000000101100000000000000000
00000000011010100000000001101100
10000000000101110000000000000000
00000000011010100000000001101011
10000000000110000000000000000000
00000000011011100000000001101111
10000000000111110000000000000000
00000000011011100000000001101111
10000000001001010000000000000000
00000000011011100000000001101111
10000000001111010000000000000000
00000000011011100000000001101111
10000000010011110000000000000000
00000000011011100000000001101111
10000000010101010000000000000000
00000000011011100000000001101111
10000000011000010000000000000000
00000000011011010000000001101111
10000000001000000000000000000000
00000000011011010000000001101111
10000000001001100000000000000000
00000000011011010000000001101111
10000000001111100000000000000000
00000000011011010000000001101111
10000000010100000000000000000000
00000000011011010000000001101111
10000000010101100000000000000000
00000000011011010000000001101111
10000000011000100000000000000000
00000000011011010000000001101110
10000000001000010000000000000000
00000000011011010000000001101110
10000000001001110000000000000000
00000000011011010000000001101110
10000000001111110000000000000000
00000000011011010000000001101110
10000000010100010000000000000000
00000000011011010000000001101110
10000000010101110000000000000000
00000000011011010000000001101110
10000000011000110000000000000000
00000000011100010000000001110010
10000000000011010000000000000000
00000000011100010000000001110010
10000000001010000000000000000000
00000000011100010000000001110010
10000000001010110000000000000000
00000000011100010000000001110010
10000000001110100000000000000000
00000000011100000000000001110010
10000000000011100000000000000000
00000000011100000000000001110010
10000000001010010000000000000000
00000000011100000000000001110010
10000000001011000000000000000000
00000000011100000000000001110010
10000000001110110000000000000000
00000000011100000000000001110001
10000000000011110000000000000000
00000000011100000000000001110001
10000000001010100000000000000000
00000000011100000000000001110001
10000000001011010000000000000000
00000000011100000000000001110001
10000000001111000000000000000000
00000000011101000000000001110101
10000000010000000000000000000000
00000000011101000000000001110101
10000000010010010000000000000000
00000000011101000000000001110101
10000000010110110000000000000000
00000000011100110000000001110101
10000000010000010000000000000000
00000000011100110000000001110101
10000000010010100000000000000000
00000000011100110000000001110101
10000000010111000000000000000000
00000000011100110000000001110100
10000000010000100000000000000000
00000000011100110000000001110100
10000000010010110000000000000000
00000000011100110000000001110100
10000000010111010000000000000000
00000000011101110000000001111000
10000000000100110000000000000000
00000000011101110000000001111000
10000000000111000000000000000000
00000000011101110000000001111000
10000000000111110000000000000000
00000000011101110000000001111000
10000000001011100000000000000000
00000000011101110000000001111000
10000000001101110000000000000000
00000000011101110000000001111000
10000000010111100000000000000000
00000000011101100000000001111000
10000000000101000000000000000000
00000000011101100000000001111000
10000000000111010000000000000000
00000000011101100000000001111000
10000000001000000000000000000000
00000000011101100000000001111000
10000000001011110000000000000000
00000000011101100000000001111000
10000000001110000000000000000000
00000000011101100000000001111000
10000000010111110000000000000000
00000000011101100000000001110111
10000000000101010000000000000000
00000000011101100000000001110111
10000000000111100000000000000000
00000000011101100000000001110111
10000000001000010000000000000000
00000000011101100000000001110111
10000000001100000000000000000000
00000000011101100000000001110111
10000000001110010000000000000000
00000000011101100000000001110111
10000000011000000000000000000000
00000000011110100000000001111011
10000000000010100000000000000000
00000000011110100000000001111011
10000000000111110000000000000000
00000000011110100000000001111011
10000000001010110000000000000000
00000000011110100000000001111011
10000000001111010000000000000000
00000000011110100000000001111011
10000000010011000000000000000000
00000000011110100000000001111011
10000000010101010000000000000000
00000000011110010000000001111011
10000000000010110000000000000000
00000000011110010000000001111011
10000000001000000000000000000000
00000000011110010000000001111011
10000000001011000000000000000000
00000000011110010000000001111011
10000000001111100000000000000000
00000000011110010000000001111011
10000000010011010000000000000000
00000000011110010000000001111011
10000000010101100000000000000000
00000000011110010000000001111010
10000000000011000000000000000000
00000000011110010000000001111010
10000000001000010000000000000000
00000000011110010000000001111010
10000000001011010000000000000000
00000000011110010000000001111010
10000000001111110000000000000000
00000000011110010000000001111010
10000000010011100000000000000000
00000000011110010000000001111010
10000000010101110000000000000000
00000000011111010000000001111110
10000000000000010000000000000000
00000000011111010000000001111110
10000000000100000000000000000000
00000000011111010000000001111110
10000000001010110000000000000000
00000000011111010000000001111110
10000000001011100000000000000000
00000000011111010000000001111110
10000000001101000000000000000000
00000000011111010000000001111110
10000000010111100000000000000000
00000000011111000000000001111110
10000000000000100000000000000000
00000000011111000000000001111110
10000000000100010000000000000000
00000000011111000000000001111110
10000000001011000000000000000000
00000000011111000000000001111110
10000000001011110000000000000000
00000000011111000000000001111110
10000000001101010000000000000000
00000000011111000000000001111110
10000000010111110000000000000000
00000000011111000000000001111101
10000000000000110000000000000000
00000000011111000000000001111101
10000000000100100000000000000000
00000000011111000000000001111101
10000000001011010000000000000000
00000000011111000000000001111101
10000000001100000000000000000000
00000000011111000000000001111101
10000000001101100000000000000000
00000000011111000000000001111101
10000000011000000000000000000000
00000000100000000000000010000001
10000000000011010000000000000000
00000000100000000000000010000001
10000000001100010000000000000000
00000000100000000000000010000001
10000000010000000000000000000000
00000000100000000000000010000001
10000000010111100000000000000000
00000000011111110000000010000001
10000000000011100000000000000000
00000000011111110000000010000001
10000000001100100000000000000000
00000000011111110000000010000001
10000000010000010000000000000000
00000000011111110000000010000001
10000000010111110000000000000000
00000000011111110000000010000000
10000000000011110000000000000000
00000000011111110000000010000000
10000000001100110000000000000000
00000000011111110000000010000000
10000000010000100000000000000000
00000000011111110000000010000000
10000000011000000000000000000000
00000000100000110000000010000100
10000000000010100000000000000000
00000000100000110000000010000100
10000000001100010000000000000000
00000000100000110000000010000100
10000000001110100000000000000000
00000000100000110000000010000100
10000000010011110000000000000000
00000000100000110000000010000100
10000000010110000000000000000000
00000000100000110000000010000100
10000000011000010000000000000000
00000000100000100000000010000100
10000000000010110000000000000000
00000000100000100000000010000100
10000000001100100000000000000000
00000000100000100000000010000100
10000000001110110000000000000000
00000000100000100000000010000100
10000000010100000000000000000000
00000000100000100000000010000100
10000000010110010000000000000000
00000000100000100000000010000100
10000000011000100000000000000000
00000000100000100000000010000011
10000000000011000000000000000000
00000000100000100000000010000011
10000000001100110000000000000000
00000000100000100000000010000011
10000000001111000000000000000000
00000000100000100000000010000011
10000000010100010000000000000000
00000000100000100000000010000011
10000000010110100000000000000000
00000000100000100000000010000011
10000000011000110000000000000000
00000000100001100000000010000111
10000000001000100000000000000000
00000000100001100000000010000111
10000000001101000000000000000000
00000000100001100000000010000111
10000000010000110000000000000000
00000000100001100000000010000111
10000000010010010000000000000000
00000000100001100000000010000111
10000000010110110000000000000000
00000000100001010000000010000111
10000000001000110000000000000000
00000000100001010000000010000111
10000000001101010000000000000000
00000000100001010000000010000111
10000000010001000000000000000000
00000000100001010000000010000111
10000000010010100000000000000000
00000000100001010000000010000111
10000000010111000000000000000000
00000000100001010000000010000110
10000000001001000000000000000000
00000000100001010000000010000110
10000000001101100000000000000000
00000000100001010000000010000110
10000000010001010000000000000000
00000000100001010000000010000110
10000000010010110000000000000000
00000000100001010000000010000110
10000000010111010000000000000000
00000000100010010000000010001010
10000000000001000000000000000000
00000000100010010000000010001010
10000000000100000000000000000000
00000000100010010000000010001010
10000000000111000000000000000000
00000000100010010000000010001010
10000000001001010000000000000000
00000000100010010000000010001010
10000000010000000000000000000000
00000000100010010000000010001010
10000000010011000000000000000000
00000000100010010000000010001010
10000000010110000000000000000000
00000000100010010000000010001010
10000000011001000000000000000000
00000000100010000000000010001010
10000000000001010000000000000000
00000000100010000000000010001010
10000000000100010000000000000000
00000000100010000000000010001010
10000000000111010000000000000000
00000000100010000000000010001010
10000000001001100000000000000000
00000000100010000000000010001010
10000000010000010000000000000000
00000000100010000000000010001010
10000000010011010000000000000000
00000000100010000000000010001010
10000000010110010000000000000000
00000000100010000000000010001010
10000000011001010000000000000000
00000000100010000000000010001001
10000000000001100000000000000000
00000000100010000000000010001001
10000000000100100000000000000000
00000000100010000000000010001001
10000000000111100000000000000000
00000000100010000000000010001001
10000000001001110000000000000000
00000000100010000000000010001001
10000000010000100000000000000000
00000000100010000000000010001001
10000000010011100000000000000000
00000000100010000000000010001001
10000000010110100000000000000000
00000000100010000000000010001001
10000000011001100000000000000000
00000000100011000000000010001101
10000000000001000000000000000000
00000000100011000000000010001101
10000000000001110000000000000000
00000000100011000000000010001101
10000000001100010000000000000000
00000000100011000000000010001101
10000000001110100000000000000000
00000000100010110000000010001101
10000000000001010000000000000000
00000000100010110000000010001101
10000000000010000000000000000000
00000000100010110000000010001101
10000000001100100000000000000000
00000000100010110000000010001101
10000000001110110000000000000000
00000000100010110000000010001100
10000000000001100000000000000000
00000000100010110000000010001100
10000000000010010000000000000000
00000000100010110000000010001100
10000000001100110000000000000000
00000000100010110000000010001100
10000000001111000000000000000000
00000000100011110000000010010000
10000000000010100000000000000000
00000000100011110000000010010000
10000000000111000000000000000000
00000000100011110000000010010000
10000000001100010000000000000000
00000000100011110000000010010000
10000000010001100000000000000000
00000000100011110000000010010000
10000000010110110000000000000000
00000000100011100000000010010000
10000000000010110000000000000000
00000000100011100000000010010000
10000000000111010000000000000000
00000000100011100000000010010000
10000000001100100000000000000000
00000000100011100000000010010000
10000000010001110000000000000000
00000000100011100000000010010000
10000000010111000000000000000000
00000000100011100000000010001111
10000000000011000000000000000000
00000000100011100000000010001111
10000000000111100000000000000000
00000000100011100000000010001111
10000000001100110000000000000000
00000000100011100000000010001111
10000000010010000000000000000000
00000000100011100000000010001111
10000000010111010000000000000000
00000000100100100000000010010011
10000000000001000000000000000000
00000000100100100000000010010011
10000000001001010000000000000000
00000000100100010000000010010011
10000000000001010000000000000000
00000000100100010000000010010011
10000000001001100000000000000000
00000000100100010000000010010010
10000000000001100000000000000000
00000000100100010000000010010010
10000000001001110000000000000000
00000000100101010000000010010110
10000000000111000000000000000000
00000000100101010000000010010110
10000000001110100000000000000000
00000000100101010000000010010110
10000000010110000000000000000000
00000000100101000000000010010110
10000000000111010000000000000000
00000000100101000000000010010110
10000000001110110000000000000000
00000000100101000000000010010110
10000000010110010000000000000000
00000000100101000000000010010101
10000000000111100000000000000000
00000000100101000000000010010101
10000000001111000000000000000000
00000000100101000000000010010101
10000000010110100000000000000000
